Running simulation with seed 100
loading data
Iteration 0
Pretrain
x.shape torch.Size([25, 100, 2])
RegularEncoder(
  (lstm): LSTM(2, 20, bidirectional=True)
)
tensor([[[ 0.0219, -0.2282],
         [-1.2866, -0.5019],
         [ 0.0585,  0.0174],
         ...,
         [ 1.6207,  0.4329],
         [ 0.6548,  0.0316],
         [ 0.2504, -0.1919]],

        [[-0.0916, -0.0828],
         [-1.2673, -0.6941],
         [ 0.1839, -0.1286],
         ...,
         [ 1.7732,  0.5806],
         [ 0.6702,  0.2510],
         [ 0.0963, -0.1567]],

        [[-0.2495, -0.3259],
         [-1.3333, -0.8329],
         [ 0.1349,  0.0419],
         ...,
         [ 2.2467,  1.2027],
         [ 1.0710,  0.4890],
         [ 0.2669,  0.0245]],

        ...,

        [[-1.4326, -1.6059],
         [-0.3511, -1.1801],
         [-0.7832, -0.6288],
         ...,
         [-0.3963,  0.9477],
         [-1.0777, -0.3755],
         [-0.1731, -0.0977]],

        [[-1.3608, -1.7577],
         [-0.1230, -0.9375],
         [-1.0401, -0.8447],
         ...,
         [-0.4817,  0.5550],
         [-0.7348, -0.5966],
         [-0.3469, -0.0959]],

        [[-1.1633, -1.6948],
         [-0.1189, -0.8872],
         [-0.9368, -0.8376],
         ...,
         [-0.0463,  0.3430],
         [-0.4640, -0.6163],
         [-0.3782, -0.2167]]])
x.shape torch.Size([25, 100, 2])
RegularEncoder(
  (lstm): LSTM(2, 20, bidirectional=True)
)
tensor([[[-0.4437, -0.1412],
         [-0.0094, -0.1411],
         [ 0.3748, -0.1605],
         ...,
         [ 0.5449, -0.0949],
         [ 0.5578,  0.0884],
         [ 1.2625,  0.2914]],

        [[-0.4278, -0.2613],
         [ 0.0076, -0.2385],
         [ 0.3738,  0.0118],
         ...,
         [ 0.6468,  0.2118],
         [ 0.7004, -0.0202],
         [ 1.6751,  0.6683]],

        [[-0.5348, -0.2142],
         [ 0.1962,  0.0229],
         [ 0.1964,  0.1011],
         ...,
         [ 0.7740,  0.3600],
         [ 0.7223,  0.2260],
         [ 1.7971,  0.9272]],

        ...,

        [[ 0.2735, -0.2834],
         [-2.2996, -2.9695],
         [ 0.0553, -0.1341],
         ...,
         [-0.4750, -0.5421],
         [-0.2020,  0.2469],
         [-1.8679, -0.7909]],

        [[ 0.1986, -0.1173],
         [-2.0024, -2.9457],
         [-0.0272,  0.0772],
         ...,
         [-0.3479, -0.6657],
         [-0.3048,  0.1600],
         [-1.8759, -1.2123]],

        [[ 0.3954,  0.0675],
         [-1.5768, -2.6455],
         [ 0.1968,  0.1401],
         ...,
         [ 0.1170, -0.3938],
         [-0.2954,  0.0507],
         [-1.4655, -1.5953]]])
x.shape torch.Size([25, 100, 2])
RegularEncoder(
  (lstm): LSTM(2, 20, bidirectional=True)
)
tensor([[[ 6.7180e-01,  2.0762e-01],
         [ 1.4805e+00,  3.6725e-01],
         [ 8.1988e-01,  1.6883e-01],
         ...,
         [-3.2096e-02, -7.2143e-02],
         [ 8.8851e-01,  9.8610e-02],
         [ 3.8754e-01,  2.4108e-02]],

        [[ 8.5697e-01,  1.7448e-01],
         [ 1.5218e+00,  5.2088e-01],
         [ 1.1927e+00,  3.6325e-01],
         ...,
         [ 2.8498e-01, -1.3408e-01],
         [ 8.1763e-01,  2.2107e-01],
         [ 2.7362e-01,  6.8360e-02]],

        [[ 1.1832e+00,  6.3532e-01],
         [ 1.2221e+00,  8.6734e-01],
         [ 1.5324e+00,  7.7812e-01],
         ...,
         [-3.9009e-01, -1.5173e-01],
         [ 6.3461e-01,  4.1459e-01],
         [ 2.1572e-01,  1.2427e-01]],

        ...,

        [[-2.1413e+00, -1.9219e+00],
         [-1.5784e+00, -2.2174e+00],
         [ 1.2911e-01,  7.0105e-01],
         ...,
         [ 4.2510e-01, -2.4712e-01],
         [-4.7970e-01, -5.9828e-01],
         [-1.2532e-01, -2.3905e-01]],

        [[-2.1197e+00, -2.1538e+00],
         [-8.8990e-01, -2.0386e+00],
         [ 3.1771e-01,  7.5083e-01],
         ...,
         [ 5.1965e-01, -1.9531e-01],
         [-2.7553e-01, -5.3114e-01],
         [ 1.0576e-03, -3.8450e-01]],

        [[-1.7511e+00, -2.1916e+00],
         [-3.9344e-01, -1.7266e+00],
         [ 6.6148e-01,  8.8851e-01],
         ...,
         [ 7.0633e-01,  1.4845e-01],
         [-4.0130e-01, -5.8862e-01],
         [ 1.6747e-01, -2.9647e-01]]])
x.shape torch.Size([25, 100, 2])
RegularEncoder(
  (lstm): LSTM(2, 20, bidirectional=True)
)
tensor([[[-1.3313, -0.5810],
         [-0.3504,  0.0417],
         [-1.7500, -0.6679],
         ...,
         [-0.2671, -0.0644],
         [ 2.0795,  0.3983],
         [ 0.4691,  0.1530]],

        [[-1.1744, -0.8206],
         [-0.3069, -0.0991],
         [-1.7450, -0.8876],
         ...,
         [-0.1369, -0.1547],
         [ 2.2260,  0.7649],
         [ 0.4343,  0.0923]],

        [[-1.2587, -0.9541],
         [-0.2361, -0.0893],
         [-1.8971, -1.0825],
         ...,
         [-0.4197, -0.1110],
         [ 2.0432,  1.1208],
         [ 0.3990,  0.2358]],

        ...,

        [[ 0.3727,  0.2114],
         [-1.1161, -1.2341],
         [-0.5517, -1.9631],
         ...,
         [ 0.8083,  0.5280],
         [-0.1022,  0.1465],
         [-0.7725, -0.0064]],

        [[ 0.4002,  0.2464],
         [-1.1416, -1.3733],
         [-0.3290, -1.7820],
         ...,
         [ 0.9802,  0.5837],
         [ 0.0948,  0.0341],
         [-0.6577, -0.3076]],

        [[ 0.8001,  0.2672],
         [-1.3648, -1.3925],
         [-0.1466, -1.3809],
         ...,
         [ 0.6854,  0.9044],
         [ 0.5209,  0.0830],
         [-0.7481, -0.3223]]])
x.shape torch.Size([25, 100, 2])
RegularEncoder(
  (lstm): LSTM(2, 20, bidirectional=True)
)
tensor([[[-0.6822, -0.2360],
         [ 0.2504, -0.1919],
         [-1.0775, -0.4223],
         ...,
         [-1.3611, -0.7106],
         [ 0.3759, -0.0432],
         [ 0.6769,  0.0611]],

        [[-0.6289, -0.5127],
         [ 0.0963, -0.1567],
         [-0.8968, -0.5297],
         ...,
         [-1.3303, -0.7377],
         [ 0.5613,  0.1214],
         [ 0.5227,  0.0456]],

        [[-0.6965, -0.3551],
         [ 0.2669,  0.0245],
         [-1.1071, -0.6313],
         ...,
         [-1.5936, -0.9347],
         [ 0.7332,  0.1557],
         [ 0.5188,  0.3724]],

        ...,

        [[ 1.1563,  0.9915],
         [-0.1731, -0.0977],
         [-0.6535, -0.6313],
         ...,
         [-0.7035, -1.5449],
         [-0.8083, -0.1541],
         [-0.2339, -0.0254]],

        [[ 1.1716,  1.1815],
         [-0.3469, -0.0959],
         [-0.4055, -0.6900],
         ...,
         [-0.5773, -1.4305],
         [-0.7508, -0.3222],
         [-0.1472, -0.0873]],

        [[ 0.8699,  1.0179],
         [-0.3782, -0.2167],
         [-0.4606, -0.7456],
         ...,
         [-0.5883, -1.1150],
         [-0.9411, -0.6599],
         [-0.1219, -0.0144]]])
x.shape torch.Size([25, 100, 2])
RegularEncoder(
  (lstm): LSTM(2, 20, bidirectional=True)
)
tensor([[[ 0.0515, -0.0044],
         [-0.0069,  0.0071],
         [ 1.0326,  0.2209],
         ...,
         [ 2.4269,  0.4168],
         [ 0.7157,  0.0159],
         [ 0.3964, -0.1190]],

        [[ 0.0960, -0.2265],
         [-0.1208, -0.0915],
         [ 0.9622,  0.4777],
         ...,
         [ 2.3818,  0.9720],
         [ 0.8422,  0.1769],
         [-0.0356,  0.0714]],

        [[ 0.0640, -0.0565],
         [-0.3978, -0.1694],
         [ 0.9544,  0.6019],
         ...,
         [ 2.4623,  1.3391],
         [ 0.7745,  0.4921],
         [ 0.0233,  0.1514]],

        ...,

        [[-0.4396, -0.6319],
         [ 0.8715,  0.5412],
         [-2.3216, -2.4987],
         ...,
         [-0.7327, -0.2572],
         [-0.8510, -0.8111],
         [ 0.0467,  0.0302]],

        [[-0.5055, -0.6104],
         [ 0.6223,  0.4276],
         [-2.1135, -2.4537],
         ...,
         [-0.6827, -0.4214],
         [-0.7590, -0.9129],
         [ 0.0838,  0.0436]],

        [[-0.2791, -0.7520],
         [ 0.8182,  0.7637],
         [-1.7322, -2.5937],
         ...,
         [-0.1430, -0.3522],
         [-0.4759, -0.7855],
         [ 0.0227,  0.0474]]])
x.shape torch.Size([25, 100, 2])
RegularEncoder(
  (lstm): LSTM(2, 20, bidirectional=True)
)
tensor([[[-3.5727e-01, -1.3087e-01],
         [ 1.2266e+00,  1.0753e-01],
         [-9.1615e-01, -3.5203e-01],
         ...,
         [-3.6021e-01, -4.6919e-01],
         [-1.9853e-02, -5.4928e-02],
         [ 9.3124e-01,  1.8554e-01]],

        [[-1.9920e-01, -8.3898e-02],
         [ 1.0564e+00,  3.2963e-01],
         [-1.0531e+00, -5.0099e-01],
         ...,
         [-4.6186e-01, -5.2512e-01],
         [-4.9742e-04, -2.7800e-01],
         [ 1.3066e+00,  3.6005e-01]],

        [[-7.3046e-02, -1.9327e-01],
         [ 8.5870e-01,  4.8564e-01],
         [-1.3566e+00, -8.4693e-01],
         ...,
         [-3.3393e-01, -1.8574e-01],
         [-2.0454e-01, -3.7406e-01],
         [ 1.0352e+00,  6.8042e-01]],

        ...,

        [[-1.8650e-01,  1.1818e-01],
         [-1.4726e-01, -6.9702e-01],
         [-1.6549e+00, -3.2391e+00],
         ...,
         [ 1.9072e-01,  5.9812e-01],
         [ 1.5543e+00,  1.8489e+00],
         [-5.8252e-01, -4.1826e-01]],

        [[-8.8290e-02, -1.7133e-02],
         [ 9.6160e-02, -6.7141e-01],
         [-1.2518e+00, -2.8667e+00],
         ...,
         [ 3.5093e-01,  5.1340e-01],
         [ 1.5321e+00,  1.6171e+00],
         [-4.7675e-01, -5.0170e-01]],

        [[-4.0334e-01, -1.2159e-01],
         [ 6.1555e-01, -3.0966e-01],
         [-1.0111e+00, -2.6805e+00],
         ...,
         [ 1.5830e-01,  6.0184e-01],
         [ 1.3292e+00,  1.7597e+00],
         [-5.8562e-02, -2.9568e-01]]])
x.shape torch.Size([25, 100, 2])
RegularEncoder(
  (lstm): LSTM(2, 20, bidirectional=True)
)
tensor([[[ 0.0484, -0.0474],
         [-0.1304, -0.1762],
         [-0.0984, -0.1924],
         ...,
         [ 0.3376,  0.0079],
         [-0.2943, -0.4018],
         [ 0.0707,  0.0381]],

        [[ 0.1934, -0.1301],
         [-0.0112, -0.2608],
         [ 0.2399, -0.0711],
         ...,
         [ 0.6520,  0.2542],
         [-0.3577, -0.3541],
         [ 0.1637, -0.0883]],

        [[ 0.3297, -0.0185],
         [ 0.0240, -0.1403],
         [ 0.0458, -0.1294],
         ...,
         [ 0.2715,  0.2409],
         [-0.5264, -0.3419],
         [ 0.1091, -0.0367]],

        ...,

        [[ 0.3662,  1.3268],
         [ 0.4658,  0.6410],
         [-1.0177, -0.7878],
         ...,
         [ 0.6523,  1.0471],
         [-0.0954, -0.2655],
         [-1.2907, -1.8536]],

        [[ 0.2829,  1.0247],
         [ 0.7660,  0.5612],
         [-0.6644, -0.8208],
         ...,
         [ 0.6403,  1.1665],
         [ 0.2328, -0.3792],
         [-1.0810, -2.0035]],

        [[ 0.1688,  0.7939],
         [ 0.9903,  0.7207],
         [-1.0337, -0.9636],
         ...,
         [ 0.4306,  0.9501],
         [ 0.0122, -0.2274],
         [-1.2277, -1.8034]]])
x.shape torch.Size([25, 100, 2])
RegularEncoder(
  (lstm): LSTM(2, 20, bidirectional=True)
)
tensor([[[-0.3602, -0.4692],
         [-0.2572, -0.2074],
         [ 1.4915,  0.4271],
         ...,
         [-1.3929, -0.4965],
         [ 0.2817,  0.0974],
         [ 1.5761,  0.3355]],

        [[-0.4619, -0.5251],
         [ 0.2249, -0.1205],
         [ 1.5690,  0.5011],
         ...,
         [-1.4427, -0.8503],
         [ 0.0623,  0.0589],
         [ 1.5020,  0.6304]],

        [[-0.3339, -0.1857],
         [ 0.5242,  0.0293],
         [ 1.5690,  0.8974],
         ...,
         [-1.5624, -1.0049],
         [ 0.0893,  0.0125],
         [ 1.6055,  0.8574]],

        ...,

        [[ 0.1907,  0.5981],
         [-1.2797, -0.5241],
         [-1.3004, -1.0654],
         ...,
         [ 0.3123, -0.3329],
         [-0.4312, -0.4302],
         [-1.0745, -0.6406]],

        [[ 0.3509,  0.5134],
         [-0.9741, -0.7507],
         [-0.7723, -1.1351],
         ...,
         [ 0.3522, -0.0943],
         [-0.3853, -0.4974],
         [-0.9404, -0.8157]],

        [[ 0.1583,  0.6018],
         [-0.6400, -0.6148],
         [-0.6155, -0.9803],
         ...,
         [ 0.3905,  0.0203],
         [-0.3586, -0.5257],
         [-0.3657, -0.8983]]])
x.shape torch.Size([25, 100, 2])
RegularEncoder(
  (lstm): LSTM(2, 20, bidirectional=True)
)
tensor([[[-0.9041, -0.3223],
         [-0.2147, -0.2518],
         [ 0.7502,  0.0677],
         ...,
         [ 0.4127,  0.1439],
         [-0.6609, -0.3473],
         [ 0.3759, -0.0432]],

        [[-0.8338, -0.5407],
         [-0.3993, -0.3258],
         [ 0.6972,  0.0487],
         ...,
         [ 0.4464, -0.0135],
         [-0.8282, -0.4401],
         [ 0.5613,  0.1214]],

        [[-0.5612, -0.4227],
         [-0.3504, -0.1637],
         [ 0.9829,  0.4212],
         ...,
         [ 0.3797,  0.0810],
         [-0.7398, -0.5470],
         [ 0.7332,  0.1557]],

        ...,

        [[ 0.0335,  0.1755],
         [-0.9966, -1.3214],
         [ 0.1621,  0.0847],
         ...,
         [ 0.1370,  0.1728],
         [ 0.1205,  0.3854],
         [-0.8083, -0.1541]],

        [[-0.1918,  0.1325],
         [-0.6984, -1.2705],
         [ 0.4479,  0.1963],
         ...,
         [ 0.1235,  0.2047],
         [-0.0500,  0.2883],
         [-0.7508, -0.3222]],

        [[-0.3065,  0.2264],
         [-0.5205, -1.3112],
         [ 0.9517,  0.3652],
         ...,
         [ 0.0783,  0.1561],
         [-0.1013,  0.1419],
         [-0.9411, -0.6599]]])
x.shape torch.Size([25, 100, 2])
RegularEncoder(
  (lstm): LSTM(2, 20, bidirectional=True)
)
tensor([[[ 3.7634e-01,  1.5173e-01],
         [ 1.0144e+00,  2.1174e-01],
         [-1.9853e-02, -5.4928e-02],
         ...,
         [-5.4652e-01, -2.0715e-02],
         [-5.5691e-01, -1.7527e-01],
         [-2.5724e-01, -2.0736e-01]],

        [[ 4.8651e-01,  2.6436e-01],
         [ 1.2637e+00,  4.6976e-01],
         [-4.9742e-04, -2.7800e-01],
         ...,
         [-5.9654e-01, -5.1743e-01],
         [-3.8098e-01, -1.7690e-01],
         [ 2.2494e-01, -1.2047e-01]],

        [[ 4.0634e-01,  3.5262e-01],
         [ 1.1175e+00,  6.6197e-01],
         [-2.0454e-01, -3.7406e-01],
         ...,
         [-6.7716e-01, -3.5637e-01],
         [-4.2954e-01, -3.5219e-01],
         [ 5.2419e-01,  2.9296e-02]],

        ...,

        [[ 1.7997e-01,  3.4666e-01],
         [ 7.0269e-02,  5.6642e-01],
         [ 1.5543e+00,  1.8489e+00],
         ...,
         [ 2.2146e-01, -4.6021e-02],
         [ 3.1504e-01,  1.0235e-01],
         [-1.2797e+00, -5.2408e-01]],

        [[ 2.3720e-01,  2.3648e-01],
         [ 2.7667e-01,  6.2723e-01],
         [ 1.5321e+00,  1.6171e+00],
         ...,
         [ 1.5751e-01, -1.0382e-02],
         [ 6.9339e-02,  2.0667e-01],
         [-9.7406e-01, -7.5068e-01]],

        [[ 3.1134e-01,  2.6579e-01],
         [ 2.5896e-02,  4.3349e-01],
         [ 1.3292e+00,  1.7597e+00],
         ...,
         [ 2.3541e-01,  2.4428e-01],
         [ 1.6267e-01,  2.1658e-01],
         [-6.4000e-01, -6.1484e-01]]])
x.shape torch.Size([25, 100, 2])
RegularEncoder(
  (lstm): LSTM(2, 20, bidirectional=True)
)
tensor([[[-0.3463, -0.3080],
         [ 0.7309,  0.1174],
         [-0.7174, -0.2932],
         ...,
         [-1.7500, -0.6679],
         [ 0.5911,  0.1207],
         [-0.2671, -0.0644]],

        [[-0.2062, -0.2775],
         [ 0.8225,  0.3984],
         [-0.7174, -0.4513],
         ...,
         [-1.7450, -0.8876],
         [ 0.8538,  0.3613],
         [-0.1369, -0.1547]],

        [[-0.1413, -0.3741],
         [ 1.1019,  0.4935],
         [-0.8865, -0.5989],
         ...,
         [-1.8971, -1.0825],
         [ 1.0743,  0.5131],
         [-0.4197, -0.1110]],

        ...,

        [[-0.2523, -0.2534],
         [-2.8271, -2.5459],
         [-0.7113, -0.4789],
         ...,
         [-0.5517, -1.9631],
         [-1.8604, -1.6070],
         [ 0.8083,  0.5280]],

        [[-0.1096, -0.2397],
         [-2.6271, -3.0391],
         [-0.5030, -0.4304],
         ...,
         [-0.3290, -1.7820],
         [-1.7643, -1.9709],
         [ 0.9802,  0.5837]],

        [[-0.0931, -0.0680],
         [-2.1710, -3.0510],
         [-0.7585, -0.6399],
         ...,
         [-0.1466, -1.3809],
         [-1.0997, -1.6624],
         [ 0.6854,  0.9044]]])
x.shape torch.Size([25, 100, 2])
RegularEncoder(
  (lstm): LSTM(2, 20, bidirectional=True)
)
tensor([[[-5.1530e-01, -2.3519e-01],
         [-5.0463e-01, -3.9675e-01],
         [ 2.8431e-01,  2.6212e-02],
         ...,
         [ 4.3847e-03, -2.2767e-04],
         [ 1.5761e+00,  3.3553e-01],
         [ 6.2245e-01, -1.1824e-01]],

        [[-3.2610e-01, -1.5136e-01],
         [-5.5399e-01, -2.4250e-01],
         [ 1.1625e-01, -1.1286e-01],
         ...,
         [-1.0049e-01, -3.1722e-02],
         [ 1.5020e+00,  6.3040e-01],
         [ 6.9387e-01,  4.7184e-02]],

        [[-1.4614e-01, -3.2633e-01],
         [-6.3526e-01, -1.1535e-01],
         [-1.6253e-02, -9.5139e-02],
         ...,
         [-1.1285e-01, -8.0116e-02],
         [ 1.6055e+00,  8.5737e-01],
         [ 5.4930e-01,  3.7732e-01]],

        ...,

        [[-2.1984e+00, -2.2176e+00],
         [-8.3740e-01, -7.4067e-01],
         [-1.1560e+00, -1.6369e+00],
         ...,
         [-7.2077e-01, -1.4761e+00],
         [-1.0745e+00, -6.4062e-01],
         [ 3.1554e-01,  8.3422e-01]],

        [[-2.0595e+00, -2.2030e+00],
         [-7.3988e-01, -8.5781e-01],
         [-1.1889e+00, -1.6744e+00],
         ...,
         [-4.9113e-01, -1.3339e+00],
         [-9.4039e-01, -8.1571e-01],
         [ 4.3812e-01,  8.3514e-01]],

        [[-1.7143e+00, -2.3502e+00],
         [-5.5768e-01, -7.6502e-01],
         [-1.0408e+00, -1.6384e+00],
         ...,
         [-2.8488e-01, -1.1511e+00],
         [-3.6571e-01, -8.9832e-01],
         [ 1.6143e-01,  7.6652e-01]]])
x.shape torch.Size([25, 100, 2])
RegularEncoder(
  (lstm): LSTM(2, 20, bidirectional=True)
)
tensor([[[ 0.5302, -0.1420],
         [ 1.4915,  0.4271],
         [ 0.5004,  0.1434],
         ...,
         [-2.1250, -0.6835],
         [ 0.4149, -0.0856],
         [ 0.0830,  0.0791]],

        [[ 0.6495,  0.1524],
         [ 1.5690,  0.5011],
         [ 0.6178,  0.2108],
         ...,
         [-2.0353, -1.0746],
         [ 0.2851,  0.1531],
         [-0.0846, -0.3921]],

        [[ 0.8299,  0.5200],
         [ 1.5690,  0.8974],
         [ 0.7044,  0.3621],
         ...,
         [-2.2727, -1.7175],
         [ 0.0585,  0.0164],
         [ 0.1309,  0.0150]],

        ...,

        [[-0.5620,  0.6206],
         [-1.3004, -1.0654],
         [-1.8576, -1.8525],
         ...,
         [ 0.4897, -0.5487],
         [ 0.0983, -0.0404],
         [-1.0298, -1.3139]],

        [[-0.8031,  0.3323],
         [-0.7723, -1.1351],
         [-1.7583, -2.0428],
         ...,
         [ 0.5185, -0.3341],
         [ 0.1198,  0.0969],
         [-0.3952, -1.4682]],

        [[-0.9641,  0.0677],
         [-0.6155, -0.9803],
         [-1.3033, -1.9848],
         ...,
         [ 0.5264, -0.0800],
         [ 0.1599,  0.1806],
         [ 0.0077, -1.1877]]])
x.shape torch.Size([25, 100, 2])
RegularEncoder(
  (lstm): LSTM(2, 20, bidirectional=True)
)
tensor([[[ 0.5638, -0.2725],
         [ 0.1514, -0.2791],
         [ 2.2548,  0.3948],
         ...,
         [-1.0536, -0.5096],
         [-0.7133, -0.1072],
         [ 0.2843,  0.0262]],

        [[ 0.7649,  0.3153],
         [ 0.2267,  0.0374],
         [ 2.4432,  0.9737],
         ...,
         [-1.0785, -0.6248],
         [-0.5008, -0.3516],
         [ 0.1162, -0.1129]],

        [[ 0.6714,  0.4047],
         [ 0.0606, -0.0060],
         [ 2.5224,  1.3652],
         ...,
         [-0.9089, -0.6566],
         [-0.7207, -0.5009],
         [-0.0163, -0.0951]],

        ...,

        [[-1.1906, -1.1858],
         [ 0.1832, -0.2633],
         [-0.9969, -0.7275],
         ...,
         [ 0.0065, -0.1056],
         [-0.3619, -0.6396],
         [-1.1560, -1.6369]],

        [[-1.0652, -1.1193],
         [ 0.2512, -0.0525],
         [-0.5950, -0.4629],
         ...,
         [ 0.1177, -0.0980],
         [-0.5291, -0.6468],
         [-1.1889, -1.6744]],

        [[-0.5681, -1.1575],
         [ 0.2051,  0.0160],
         [-0.2251, -0.4999],
         ...,
         [ 0.0989, -0.0331],
         [-0.5677, -0.5856],
         [-1.0408, -1.6384]]])
x.shape torch.Size([25, 100, 2])
RegularEncoder(
  (lstm): LSTM(2, 20, bidirectional=True)
)
tensor([[[-3.8105e-01, -1.3021e-01],
         [ 1.1927e-01, -2.4105e-02],
         [ 1.7081e+00,  1.4805e-01],
         ...,
         [ 7.8475e-01,  1.2296e-01],
         [ 1.6817e+00,  1.9160e-01],
         [ 6.6270e-01,  1.1173e-03]],

        [[-4.6930e-01, -2.6629e-01],
         [-6.1990e-02, -7.2053e-03],
         [ 1.7538e+00,  8.0894e-01],
         ...,
         [ 6.9240e-01,  4.9685e-01],
         [ 1.5942e+00,  8.0916e-01],
         [ 5.1182e-01,  1.2334e-02]],

        [[-4.6872e-01, -3.8055e-01],
         [-1.0183e-01,  1.2443e-02],
         [ 1.6440e+00,  1.1289e+00],
         ...,
         [ 9.2503e-01,  5.4832e-01],
         [ 1.8415e+00,  1.1245e+00],
         [ 5.7735e-01,  2.7415e-01]],

        ...,

        [[-2.4822e-01, -7.4405e-01],
         [-6.5870e-01, -8.3428e-01],
         [-1.4449e+00, -1.2564e+00],
         ...,
         [-1.1707e+00, -9.8006e-01],
         [ 7.5044e-01,  1.4499e+00],
         [ 7.8267e-01,  1.2063e+00]],

        [[-1.4707e-01, -8.4395e-01],
         [-5.6594e-01, -7.7861e-01],
         [-1.2829e+00, -1.2490e+00],
         ...,
         [-9.5934e-01, -1.0471e+00],
         [ 9.6512e-01,  1.2318e+00],
         [ 6.6516e-01,  1.2473e+00]],

        [[ 7.7193e-02, -6.1543e-01],
         [-5.0736e-01, -6.8247e-01],
         [-9.4559e-01, -1.1869e+00],
         ...,
         [-4.4912e-01, -9.8083e-01],
         [ 6.7250e-01,  1.4031e+00],
         [ 5.2353e-01,  1.1333e+00]]])
x.shape torch.Size([25, 100, 2])
RegularEncoder(
  (lstm): LSTM(2, 20, bidirectional=True)
)
tensor([[[-0.3504,  0.0417],
         [ 0.4528, -0.0428],
         [ 0.3340, -0.0350],
         ...,
         [ 0.4996,  0.1430],
         [-0.9181, -0.2360],
         [ 0.0886,  0.0866]],

        [[-0.3069, -0.0991],
         [ 0.4498,  0.2180],
         [ 0.2799,  0.0078],
         ...,
         [ 0.6183, -0.0309],
         [-1.0491, -0.4657],
         [ 0.0923, -0.0176]],

        [[-0.2361, -0.0893],
         [ 0.5880,  0.3262],
         [ 0.4144,  0.1817],
         ...,
         [ 0.5908,  0.2456],
         [-0.9542, -0.6414],
         [ 0.0948,  0.0271]],

        ...,

        [[-1.1161, -1.2341],
         [-0.3377,  0.2262],
         [ 0.6440,  1.2379],
         ...,
         [-0.4049, -0.3995],
         [ 0.1039, -0.2999],
         [-1.1388, -1.1529]],

        [[-1.1416, -1.3733],
         [-0.1812,  0.1405],
         [ 0.4974,  1.2135],
         ...,
         [-0.2098, -0.5618],
         [ 0.1441, -0.2072],
         [-1.0383, -1.2531]],

        [[-1.3648, -1.3925],
         [-0.3552,  0.0249],
         [ 0.5203,  1.1451],
         ...,
         [ 0.3131, -0.3957],
         [-0.0750, -0.0660],
         [-0.8042, -1.2639]]])
x.shape torch.Size([25, 100, 2])
RegularEncoder(
  (lstm): LSTM(2, 20, bidirectional=True)
)
tensor([[[ 0.4459, -0.0933],
         [ 0.8317,  0.0853],
         [-0.9575, -0.2904],
         ...,
         [ 0.2083,  0.0327],
         [ 2.4303,  0.4149],
         [-0.0843, -0.2432]],

        [[ 0.3697, -0.0309],
         [ 0.6638,  0.2298],
         [-0.8344, -0.5351],
         ...,
         [ 0.2057, -0.0681],
         [ 2.7276,  1.1408],
         [ 0.0703, -0.0241]],

        [[ 0.2851,  0.1207],
         [ 0.8279,  0.4836],
         [-1.1848, -0.6996],
         ...,
         [-0.0942, -0.0501],
         [ 2.6729,  1.6790],
         [ 0.1053,  0.0453]],

        ...,

        [[-1.2110, -1.1470],
         [-0.0724,  0.0038],
         [-2.6589, -3.7272],
         ...,
         [ 0.4722,  0.6341],
         [-1.4138, -0.7283],
         [-0.7142, -0.6414]],

        [[-1.3664, -1.1495],
         [ 0.1309,  0.0946],
         [-2.4191, -3.6451],
         ...,
         [ 0.2751,  0.4057],
         [-1.3064, -0.8916],
         [-0.5463, -0.6820]],

        [[-1.2184, -1.3796],
         [-0.0280,  0.2454],
         [-2.4254, -3.5763],
         ...,
         [ 0.1756,  0.4339],
         [-1.2747, -0.7448],
         [-0.5332, -0.6937]]])
x.shape torch.Size([25, 100, 2])
RegularEncoder(
  (lstm): LSTM(2, 20, bidirectional=True)
)
tensor([[[ 0.1437, -0.1011],
         [-0.7870, -0.1269],
         [ 1.4805,  0.3672],
         ...,
         [ 0.6093,  0.1173],
         [ 0.2173, -0.1173],
         [ 0.5377,  0.0800]],

        [[-0.0911, -0.0940],
         [-0.7918, -0.4173],
         [ 1.5218,  0.5209],
         ...,
         [ 0.7945,  0.2879],
         [ 0.2193,  0.1669],
         [ 0.2269,  0.0048]],

        [[-0.1942, -0.1974],
         [-0.4977, -0.3330],
         [ 1.2221,  0.8673],
         ...,
         [ 0.8400,  0.3208],
         [ 0.5073,  0.2375],
         [ 0.2974,  0.2453]],

        ...,

        [[ 0.3874, -0.2863],
         [-1.0173, -0.9909],
         [-1.5784, -2.2174],
         ...,
         [ 1.0002,  1.7513],
         [-0.2692,  0.0327],
         [-0.5569, -0.4307]],

        [[ 0.2982, -0.1376],
         [-0.8406, -0.9042],
         [-0.8899, -2.0386],
         ...,
         [ 1.2498,  1.6841],
         [ 0.0943, -0.1029],
         [-0.7732, -0.6007]],

        [[ 0.1967, -0.0799],
         [-0.9196, -1.0229],
         [-0.3934, -1.7266],
         ...,
         [ 1.0263,  1.7603],
         [ 0.3440,  0.2274],
         [-0.8100, -0.5034]]])
x.shape torch.Size([25, 100, 2])
RegularEncoder(
  (lstm): LSTM(2, 20, bidirectional=True)
)
tensor([[[ 1.3806,  0.2847],
         [-0.7066, -0.3180],
         [-1.4492, -0.5618],
         ...,
         [ 0.5911,  0.1207],
         [-0.6346, -0.3538],
         [ 0.4614,  0.0288]],

        [[ 1.2547,  0.6542],
         [-0.5326, -0.2125],
         [-1.4602, -0.6848],
         ...,
         [ 0.8538,  0.3613],
         [-0.2644, -0.4081],
         [ 0.3170,  0.1087]],

        [[ 1.3769,  0.6052],
         [-0.4982, -0.4008],
         [-1.5542, -1.1773],
         ...,
         [ 1.0743,  0.5131],
         [-0.6713, -0.3539],
         [ 0.4865,  0.2690]],

        ...,

        [[-0.3762, -0.3609],
         [-0.3089, -0.0973],
         [-0.0254, -0.7920],
         ...,
         [-1.8604, -1.6070],
         [-1.2280, -1.9350],
         [-1.0668, -0.3727]],

        [[-0.2051, -0.4839],
         [-0.7288, -0.2228],
         [ 0.1233, -0.4222],
         ...,
         [-1.7643, -1.9709],
         [-1.1979, -1.8413],
         [-0.9175, -0.6495]],

        [[-0.4721, -0.3433],
         [-0.6919, -0.3739],
         [ 0.2527, -0.4260],
         ...,
         [-1.0997, -1.6624],
         [-1.1453, -1.7943],
         [-0.9591, -0.7106]]])
x.shape torch.Size([25, 100, 2])
RegularEncoder(
  (lstm): LSTM(2, 20, bidirectional=True)
)
tensor([[[-0.0951, -0.0959],
         [ 0.0725, -0.0946],
         [-0.2292, -0.1400],
         ...,
         [-1.0556, -0.1293],
         [ 0.8055,  0.2436],
         [ 0.3598,  0.1099]],

        [[-0.2105, -0.1509],
         [ 0.3205,  0.0525],
         [-0.2517, -0.0793],
         ...,
         [-1.1597, -0.6195],
         [ 0.5171,  0.3177],
         [ 0.3881,  0.0844]],

        [[-0.3434,  0.0383],
         [ 0.3982, -0.0657],
         [-0.0602, -0.0389],
         ...,
         [-1.0274, -0.8347],
         [ 0.6200,  0.3269],
         [ 0.4051,  0.2610]],

        ...,

        [[ 2.4243,  2.6634],
         [-0.6757, -0.3540],
         [ 0.0846,  0.2287],
         ...,
         [ 0.2959,  0.0546],
         [ 1.0913,  1.3730],
         [-1.3798, -1.8489]],

        [[ 2.4122,  2.7235],
         [-0.5032, -0.2890],
         [-0.0768, -0.0720],
         ...,
         [ 0.1016,  0.3256],
         [ 1.3407,  1.6531],
         [-1.3714, -1.6560]],

        [[ 2.4541,  2.8378],
         [-0.0966, -0.3999],
         [-0.1853,  0.0846],
         ...,
         [ 0.2674,  0.1718],
         [ 1.2891,  1.6130],
         [-1.2994, -1.6641]]])
x.shape torch.Size([25, 100, 2])
RegularEncoder(
  (lstm): LSTM(2, 20, bidirectional=True)
)
tensor([[[-1.0678, -0.3852],
         [-1.0764, -0.5156],
         [ 1.2035,  0.3038],
         ...,
         [ 1.4708,  0.0349],
         [ 0.9669,  0.1842],
         [ 0.4691,  0.1530]],

        [[-1.0913, -0.6704],
         [-0.8304, -0.5177],
         [ 1.2956,  0.6183],
         ...,
         [ 1.5947,  0.5866],
         [ 1.0387,  0.2578],
         [ 0.4343,  0.0923]],

        [[-1.0326, -0.7701],
         [-0.6607, -0.7116],
         [ 1.0044,  0.6894],
         ...,
         [ 1.4236,  0.8739],
         [ 1.1914,  0.6328],
         [ 0.3990,  0.2358]],

        ...,

        [[-0.9114, -0.7505],
         [-0.0921,  0.2608],
         [-0.1772, -0.0348],
         ...,
         [-1.2750, -1.1594],
         [-1.1527, -1.1656],
         [-0.7725, -0.0064]],

        [[-0.8743, -0.7290],
         [-0.2473,  0.2327],
         [-0.0856, -0.0046],
         ...,
         [-1.4981, -1.1580],
         [-0.8678, -1.1983],
         [-0.6577, -0.3076]],

        [[-0.9558, -0.9670],
         [-0.2052, -0.0134],
         [-0.0725,  0.1027],
         ...,
         [-1.4721, -1.3342],
         [-0.7689, -1.2221],
         [-0.7481, -0.3223]]])
x.shape torch.Size([25, 100, 2])
RegularEncoder(
  (lstm): LSTM(2, 20, bidirectional=True)
)
tensor([[[ 1.0107,  0.1526],
         [ 0.4044, -0.0501],
         [-0.1011, -0.2314],
         ...,
         [ 0.6937,  0.0559],
         [ 1.0576,  0.0651],
         [-0.0268, -0.2091]],

        [[ 1.2890,  0.4629],
         [ 0.3281, -0.0396],
         [ 0.0140, -0.1503],
         ...,
         [ 0.8646,  0.2271],
         [ 1.1903,  0.2609],
         [-0.1492, -0.2704]],

        [[ 1.2761,  0.6880],
         [ 0.2912,  0.1099],
         [-0.4133, -0.0347],
         ...,
         [ 1.0432,  0.6177],
         [ 1.1530,  0.5813],
         [-0.2193, -0.0465]],

        ...,

        [[-0.1264,  0.2612],
         [ 0.2379,  0.6187],
         [-0.5542, -0.4760],
         ...,
         [-0.7898, -0.8043],
         [-0.4958, -0.0050],
         [ 0.0217, -0.0485]],

        [[ 0.0243,  0.0628],
         [ 0.2803,  0.5687],
         [-0.3827, -0.4315],
         ...,
         [-0.6415, -0.8109],
         [-0.2088, -0.1470],
         [ 0.2250,  0.0998]],

        [[ 0.2102,  0.1523],
         [ 0.1781,  0.5556],
         [-0.3314, -0.4618],
         ...,
         [-0.3257, -0.8985],
         [-0.0987, -0.0313],
         [ 0.3211,  0.2792]]])
x.shape torch.Size([25, 100, 2])
RegularEncoder(
  (lstm): LSTM(2, 20, bidirectional=True)
)
tensor([[[ 2.4269,  0.4168],
         [-0.0069,  0.0071],
         [ 1.0326,  0.2209],
         ...,
         [ 0.5476,  0.0434],
         [-0.1762, -0.1346],
         [-1.2416, -0.3473]],

        [[ 2.3818,  0.9720],
         [-0.1208, -0.0915],
         [ 0.9622,  0.4777],
         ...,
         [ 0.3871,  0.0622],
         [-0.1918, -0.1342],
         [-1.1333, -0.6437]],

        [[ 2.4623,  1.3391],
         [-0.3978, -0.1694],
         [ 0.9544,  0.6019],
         ...,
         [ 0.6727,  0.5191],
         [-0.1513, -0.1861],
         [-1.0306, -0.7392]],

        ...,

        [[-0.7327, -0.2572],
         [ 0.8715,  0.5412],
         [-2.3216, -2.4987],
         ...,
         [-0.8041, -0.1588],
         [-0.6925, -0.5639],
         [-0.3466, -0.4168]],

        [[-0.6827, -0.4214],
         [ 0.6223,  0.4276],
         [-2.1135, -2.4537],
         ...,
         [-0.8186, -0.3726],
         [-0.7462, -0.6125],
         [-0.3795, -0.2722]],

        [[-0.1430, -0.3522],
         [ 0.8182,  0.7637],
         [-1.7322, -2.5937],
         ...,
         [-0.9552, -0.4520],
         [-0.7519, -0.8367],
         [-0.5542, -0.3881]]])
x.shape torch.Size([25, 100, 2])
RegularEncoder(
  (lstm): LSTM(2, 20, bidirectional=True)
)
tensor([[[-0.0084, -0.2045],
         [ 0.0305, -0.2565],
         [-0.4660, -0.2349],
         ...,
         [-0.4919, -0.2859],
         [ 0.5654, -0.0193],
         [ 1.0107,  0.1526]],

        [[ 0.1026, -0.1282],
         [-0.1709, -0.3771],
         [-0.3207, -0.2084],
         ...,
         [-0.6177, -0.6453],
         [ 0.8242,  0.0048],
         [ 1.2890,  0.4629]],

        [[ 0.2059,  0.1861],
         [-0.1587, -0.0903],
         [-0.6555, -0.4358],
         ...,
         [-0.9299, -0.5786],
         [ 0.6519,  0.4126],
         [ 1.2761,  0.6880]],

        ...,

        [[ 0.0619,  0.2512],
         [ 0.2388, -0.0450],
         [-0.6988, -0.8162],
         ...,
         [ 0.1829, -0.2784],
         [-1.3198, -0.8985],
         [-0.1264,  0.2612]],

        [[ 0.0876,  0.1573],
         [ 0.2659,  0.2238],
         [-0.3524, -0.9499],
         ...,
         [ 0.3901, -0.1396],
         [-1.0027, -1.0469],
         [ 0.0243,  0.0628]],

        [[ 0.0115,  0.3768],
         [ 0.5493,  0.2139],
         [-0.5485, -0.8523],
         ...,
         [ 0.2072, -0.1408],
         [-0.5932, -0.9741],
         [ 0.2102,  0.1523]]])
x.shape torch.Size([25, 100, 2])
RegularEncoder(
  (lstm): LSTM(2, 20, bidirectional=True)
)
tensor([[[-0.0951, -0.0959],
         [ 0.2888,  0.0312],
         [-1.5109, -0.4573],
         ...,
         [ 0.5911, -0.0362],
         [ 1.3899,  0.4578],
         [-0.8774, -0.2450]],

        [[-0.2105, -0.1509],
         [ 0.3502,  0.0462],
         [-1.2356, -0.6900],
         ...,
         [ 0.5842,  0.1270],
         [ 1.6374,  0.6126],
         [-0.6575, -0.5026]],

        [[-0.3434,  0.0383],
         [ 0.4226,  0.1097],
         [-1.3060, -0.7948],
         ...,
         [ 0.7114,  0.3107],
         [ 1.5743,  0.9615],
         [-0.8544, -0.7243]],

        ...,

        [[ 2.4243,  2.6634],
         [-0.2256, -0.1716],
         [ 0.7740,  0.8552],
         ...,
         [ 0.1437,  0.0523],
         [-0.3759,  0.0507],
         [ 0.6330,  0.8389]],

        [[ 2.4122,  2.7235],
         [-0.3258, -0.2437],
         [ 0.5510,  0.7962],
         ...,
         [ 0.0490,  0.0537],
         [-0.2616,  0.0675],
         [ 0.2444,  0.9696]],

        [[ 2.4541,  2.8378],
         [-0.2905, -0.3340],
         [ 0.6326,  0.7881],
         ...,
         [ 0.0239,  0.1142],
         [-0.2174,  0.1488],
         [ 0.2133,  0.9671]]])
x.shape torch.Size([25, 100, 2])
RegularEncoder(
  (lstm): LSTM(2, 20, bidirectional=True)
)
tensor([[[-9.5033e-02, -5.8776e-03],
         [ 6.6270e-01,  1.1173e-03],
         [ 6.6748e-01,  1.6539e-01],
         ...,
         [-1.1014e-02, -8.1409e-02],
         [-9.1814e-01, -2.3596e-01],
         [-1.8144e-01, -2.5127e-01]],

        [[-3.3219e-03, -3.3693e-02],
         [ 5.1182e-01,  1.2334e-02],
         [ 6.0992e-01,  2.3560e-01],
         ...,
         [-2.4141e-01, -1.3016e-01],
         [-1.0491e+00, -4.6574e-01],
         [-2.5836e-01, -1.1987e-01]],

        [[-6.9703e-02,  1.1791e-01],
         [ 5.7735e-01,  2.7415e-01],
         [ 5.4409e-01,  5.3369e-01],
         ...,
         [-3.2847e-02, -2.6131e-01],
         [-9.5419e-01, -6.4145e-01],
         [-2.5328e-01, -2.8945e-01]],

        ...,

        [[-1.8052e+00, -2.7555e+00],
         [ 7.8267e-01,  1.2063e+00],
         [ 3.8123e-02,  2.9388e-01],
         ...,
         [-1.8331e+00, -2.5156e+00],
         [ 1.0390e-01, -2.9988e-01],
         [-3.4254e-01, -2.4558e-01]],

        [[-1.4536e+00, -2.4832e+00],
         [ 6.6516e-01,  1.2473e+00],
         [ 5.6060e-03,  1.7376e-02],
         ...,
         [-1.4580e+00, -2.3864e+00],
         [ 1.4406e-01, -2.0722e-01],
         [-4.9213e-01, -5.0348e-01]],

        [[-8.6384e-01, -2.5839e+00],
         [ 5.2353e-01,  1.1333e+00],
         [-6.6197e-02,  1.0248e-01],
         ...,
         [-9.5263e-01, -2.2777e+00],
         [-7.5025e-02, -6.6000e-02],
         [-6.1134e-01, -3.8097e-01]]])
x.shape torch.Size([25, 100, 2])
RegularEncoder(
  (lstm): LSTM(2, 20, bidirectional=True)
)
tensor([[[-0.3291, -0.4219],
         [ 0.2413, -0.1540],
         [-0.1203, -0.1085],
         ...,
         [-0.6639, -0.4170],
         [ 0.2173, -0.1173],
         [ 0.2083,  0.0327]],

        [[-0.3569, -0.1584],
         [ 0.4672,  0.0882],
         [ 0.0599, -0.0692],
         ...,
         [-0.6890, -0.4803],
         [ 0.2193,  0.1669],
         [ 0.2057, -0.0681]],

        [[-0.4989, -0.2856],
         [ 0.3176,  0.1637],
         [-0.0780, -0.1801],
         ...,
         [-0.6708, -0.5190],
         [ 0.5073,  0.2375],
         [-0.0942, -0.0501]],

        ...,

        [[-0.6247, -0.3791],
         [-0.6756, -0.3461],
         [ 0.1534,  0.2230],
         ...,
         [ 0.4274,  0.2947],
         [-0.2692,  0.0327],
         [ 0.4722,  0.6341]],

        [[-0.6644, -0.3603],
         [-0.4341, -0.4681],
         [ 0.2177,  0.1675],
         ...,
         [ 0.3740,  0.1422],
         [ 0.0943, -0.1029],
         [ 0.2751,  0.4057]],

        [[-0.8296, -0.7528],
         [-0.7481, -0.4842],
         [ 0.0465,  0.1265],
         ...,
         [ 0.2996,  0.3187],
         [ 0.3440,  0.2274],
         [ 0.1756,  0.4339]]])
x.shape torch.Size([25, 100, 2])
RegularEncoder(
  (lstm): LSTM(2, 20, bidirectional=True)
)
tensor([[[ 0.0830,  0.0791],
         [ 0.2888,  0.0312],
         [ 0.1451, -0.0587],
         ...,
         [ 0.5449, -0.0949],
         [ 0.6560,  0.1317],
         [ 0.5449, -0.0949]],

        [[-0.0846, -0.3921],
         [ 0.3502,  0.0462],
         [ 0.0508, -0.0407],
         ...,
         [ 0.6468,  0.2118],
         [ 0.6831,  0.3805],
         [ 0.6468,  0.2118]],

        [[ 0.1309,  0.0150],
         [ 0.4226,  0.1097],
         [ 0.1417, -0.0287],
         ...,
         [ 0.7740,  0.3600],
         [ 0.5209,  0.2428],
         [ 0.7740,  0.3600]],

        ...,

        [[-1.0298, -1.3139],
         [-0.2256, -0.1716],
         [-0.9199, -0.9257],
         ...,
         [-0.4750, -0.5421],
         [ 0.1280,  0.5972],
         [-0.4750, -0.5421]],

        [[-0.3952, -1.4682],
         [-0.3258, -0.2437],
         [-0.9307, -0.9012],
         ...,
         [-0.3479, -0.6657],
         [ 0.2232,  0.5194],
         [-0.3479, -0.6657]],

        [[ 0.0077, -1.1877],
         [-0.2905, -0.3340],
         [-1.0603, -0.8356],
         ...,
         [ 0.1170, -0.3938],
         [ 0.5244,  0.6455],
         [ 0.1170, -0.3938]]])
x.shape torch.Size([25, 100, 2])
RegularEncoder(
  (lstm): LSTM(2, 20, bidirectional=True)
)
tensor([[[-0.2456, -0.1943],
         [ 0.4113,  0.0478],
         [ 0.2888,  0.0312],
         ...,
         [ 0.1193, -0.0241],
         [-0.0491,  0.0343],
         [ 0.4351, -0.0138]],

        [[-0.1402, -0.1576],
         [ 0.5355,  0.2501],
         [ 0.3502,  0.0462],
         ...,
         [-0.0620, -0.0072],
         [ 0.0902, -0.0941],
         [ 0.2532,  0.1657]],

        [[ 0.0300, -0.3509],
         [ 0.8432,  0.3620],
         [ 0.4226,  0.1097],
         ...,
         [-0.1018,  0.0124],
         [ 0.0334, -0.0085],
         [-0.0121,  0.0693]],

        ...,

        [[-0.1339,  0.5455],
         [-1.1643, -0.9421],
         [-0.2256, -0.1716],
         ...,
         [-0.6587, -0.8343],
         [ 1.2166,  1.5980],
         [-0.8438, -1.0585]],

        [[-0.2649,  0.3438],
         [-0.9026, -1.0892],
         [-0.3258, -0.2437],
         ...,
         [-0.5659, -0.7786],
         [ 1.0952,  1.5978],
         [-0.8722, -1.3180]],

        [[-0.3746,  0.2671],
         [-0.4731, -0.9601],
         [-0.2905, -0.3340],
         ...,
         [-0.5074, -0.6825],
         [ 1.1640,  1.9819],
         [-0.7490, -1.4556]]])
x.shape torch.Size([25, 100, 2])
RegularEncoder(
  (lstm): LSTM(2, 20, bidirectional=True)
)
tensor([[[-0.2809, -0.2551],
         [-0.1511, -0.1004],
         [ 0.5625,  0.0931],
         ...,
         [ 1.6207,  0.4329],
         [ 0.0498, -0.1686],
         [ 2.0934,  0.3953]],

        [[-0.4064, -0.2549],
         [ 0.0179, -0.0247],
         [ 0.5174,  0.0736],
         ...,
         [ 1.7732,  0.5806],
         [ 0.3507, -0.0806],
         [ 2.0394,  0.9713]],

        [[-0.5913, -0.4265],
         [ 0.1038, -0.0871],
         [ 0.7676,  0.4471],
         ...,
         [ 2.2467,  1.2027],
         [ 0.2046, -0.0782],
         [ 2.1276,  1.2077]],

        ...,

        [[-0.0416, -0.1253],
         [-0.6923, -0.8003],
         [-1.7014, -1.6422],
         ...,
         [-0.3963,  0.9477],
         [-0.3349, -0.0693],
         [-0.3701, -0.3466]],

        [[ 0.2115, -0.2364],
         [-0.8747, -0.7196],
         [-1.3817, -1.6935],
         ...,
         [-0.4817,  0.5550],
         [-0.3182, -0.1432],
         [ 0.0390, -0.4940]],

        [[ 0.3035, -0.1668],
         [-0.7213, -1.0132],
         [-1.0078, -1.8332],
         ...,
         [-0.0463,  0.3430],
         [-0.4090, -0.1833],
         [ 0.6007, -0.2776]]])
x.shape torch.Size([25, 100, 2])
RegularEncoder(
  (lstm): LSTM(2, 20, bidirectional=True)
)
tensor([[[-0.0757, -0.1533],
         [-1.4745, -0.4979],
         [ 1.4805,  0.3672],
         ...,
         [-0.1203, -0.1085],
         [ 0.3759, -0.0432],
         [ 1.0500,  0.2136]],

        [[-0.1166, -0.1475],
         [-1.5220, -0.8952],
         [ 1.5218,  0.5209],
         ...,
         [ 0.0599, -0.0692],
         [ 0.5613,  0.1214],
         [ 1.0093,  0.4118]],

        [[-0.0678, -0.2305],
         [-1.6420, -1.2767],
         [ 1.2221,  0.8673],
         ...,
         [-0.0780, -0.1801],
         [ 0.7332,  0.1557],
         [ 1.1656,  0.4054]],

        ...,

        [[-0.0048,  0.0395],
         [-0.0575, -0.0663],
         [-1.5784, -2.2174],
         ...,
         [ 0.1534,  0.2230],
         [-0.8083, -0.1541],
         [ 0.7956,  1.3887]],

        [[-0.1224, -0.0859],
         [-0.1002,  0.0740],
         [-0.8899, -2.0386],
         ...,
         [ 0.2177,  0.1675],
         [-0.7508, -0.3222],
         [ 0.8512,  1.3030]],

        [[ 0.2097, -0.2083],
         [-0.3337,  0.1006],
         [-0.3934, -1.7266],
         ...,
         [ 0.0465,  0.1265],
         [-0.9411, -0.6599],
         [ 0.7684,  1.4627]]])
x.shape torch.Size([25, 100, 2])
RegularEncoder(
  (lstm): LSTM(2, 20, bidirectional=True)
)
tensor([[[-1.0462, -0.4182],
         [-0.7870, -0.1269],
         [ 0.1382,  0.1283],
         ...,
         [ 0.5033,  0.0414],
         [-0.5569, -0.1753],
         [ 0.8288,  0.0532]],

        [[-0.6397, -0.5069],
         [-0.7918, -0.4173],
         [ 0.5509,  0.0465],
         ...,
         [ 0.6593, -0.0365],
         [-0.3810, -0.1769],
         [ 0.9228,  0.3915]],

        [[-0.9812, -0.6759],
         [-0.4977, -0.3330],
         [ 0.4388,  0.2572],
         ...,
         [ 0.6329,  0.3187],
         [-0.4295, -0.3522],
         [ 0.8805,  0.6031]],

        ...,

        [[ 0.3048,  0.1903],
         [-1.0173, -0.9909],
         [-1.0353, -1.3390],
         ...,
         [ 0.0413,  0.6990],
         [ 0.3150,  0.1024],
         [ 0.3611,  1.1893]],

        [[ 0.4151,  0.1630],
         [-0.8406, -0.9042],
         [-0.9636, -1.3721],
         ...,
         [ 0.0881,  0.4041],
         [ 0.0693,  0.2067],
         [ 0.2245,  1.0002]],

        [[ 0.2697,  0.2687],
         [-0.9196, -1.0229],
         [-0.5824, -1.4210],
         ...,
         [-0.1117,  0.5397],
         [ 0.1627,  0.2166],
         [ 0.4016,  1.0683]]])
x.shape torch.Size([25, 100, 2])
RegularEncoder(
  (lstm): LSTM(2, 20, bidirectional=True)
)
tensor([[[-0.0254, -0.1385],
         [-1.4492, -0.5618],
         [ 0.1474, -0.0916],
         ...,
         [-0.0200, -0.1128],
         [ 1.6743,  0.2817],
         [-0.1090, -0.1509]],

        [[ 0.0126,  0.1110],
         [-1.4602, -0.6848],
         [ 0.0617,  0.0242],
         ...,
         [ 0.0547,  0.0549],
         [ 1.5727,  0.7916],
         [-0.1933, -0.2195]],

        [[ 0.1603, -0.1700],
         [-1.5542, -1.1773],
         [-0.2312, -0.1478],
         ...,
         [ 0.0463, -0.0602],
         [ 1.9183,  1.1133],
         [-0.2007, -0.2105]],

        ...,

        [[-0.1714,  0.4100],
         [-0.0254, -0.7920],
         [-0.1637, -0.9829],
         ...,
         [-0.4280, -0.2663],
         [-1.1105, -0.5645],
         [-0.5985, -1.2589]],

        [[-0.2256,  0.1878],
         [ 0.1233, -0.4222],
         [ 0.0180, -0.7031],
         ...,
         [-0.2863, -0.1223],
         [-0.9762, -0.6723],
         [-0.3739, -1.2704]],

        [[-0.2203,  0.2082],
         [ 0.2527, -0.4260],
         [ 0.1087, -0.3985],
         ...,
         [-0.2418, -0.3225],
         [-0.5080, -0.6063],
         [ 0.1113, -0.7947]]])
x.shape torch.Size([25, 100, 2])
RegularEncoder(
  (lstm): LSTM(2, 20, bidirectional=True)
)
tensor([[[-0.7133, -0.1072],
         [ 1.1635,  0.1707],
         [ 0.1655, -0.1016],
         ...,
         [-0.0982, -0.0937],
         [-1.4745, -0.4979],
         [ 0.5281,  0.2675]],

        [[-0.5008, -0.3516],
         [ 1.4637,  0.5822],
         [ 0.1607,  0.0453],
         ...,
         [ 0.0426, -0.1338],
         [-1.5220, -0.8952],
         [ 0.3722,  0.0624]],

        [[-0.7207, -0.5009],
         [ 1.7021,  1.0661],
         [-0.0365, -0.0694],
         ...,
         [-0.0219, -0.1207],
         [-1.6420, -1.2767],
         [ 0.1651,  0.2287]],

        ...,

        [[-0.3619, -0.6396],
         [-0.7013,  0.1810],
         [-0.6998, -0.8176],
         ...,
         [ 0.2001,  0.4991],
         [-0.0575, -0.0663],
         [ 0.1294, -0.4905]],

        [[-0.5291, -0.6468],
         [-0.5387,  0.0655],
         [-0.8151, -1.0442],
         ...,
         [ 0.2411,  0.4637],
         [-0.1002,  0.0740],
         [ 0.1016, -0.1729]],

        [[-0.5677, -0.5856],
         [-0.3738, -0.0320],
         [-0.7039, -1.0119],
         ...,
         [ 0.2395,  0.5193],
         [-0.3337,  0.1006],
         [ 0.3869, -0.0709]]])
x.shape torch.Size([25, 100, 2])
RegularEncoder(
  (lstm): LSTM(2, 20, bidirectional=True)
)
tensor([[[ 0.4044, -0.0501],
         [-1.0462, -0.4182],
         [ 0.7344,  0.1220],
         ...,
         [-1.2866, -0.5019],
         [ 0.3598,  0.1099],
         [ 0.5853,  0.0176]],

        [[ 0.3281, -0.0396],
         [-0.6397, -0.5069],
         [ 0.5107,  0.2465],
         ...,
         [-1.2673, -0.6941],
         [ 0.3881,  0.0844],
         [ 0.6722,  0.1398]],

        [[ 0.2912,  0.1099],
         [-0.9812, -0.6759],
         [ 0.9385,  0.5248],
         ...,
         [-1.3333, -0.8329],
         [ 0.4051,  0.2610],
         [ 0.7331,  0.3355]],

        ...,

        [[ 0.2379,  0.6187],
         [ 0.3048,  0.1903],
         [-2.0670, -1.8142],
         ...,
         [-0.3511, -1.1801],
         [-1.3798, -1.8489],
         [-0.8528, -0.1935]],

        [[ 0.2803,  0.5687],
         [ 0.4151,  0.1630],
         [-1.9741, -2.0179],
         ...,
         [-0.1230, -0.9375],
         [-1.3714, -1.6560],
         [-1.2294, -0.4514]],

        [[ 0.1781,  0.5556],
         [ 0.2697,  0.2687],
         [-1.5675, -1.9750],
         ...,
         [-0.1189, -0.8872],
         [-1.2994, -1.6641],
         [-1.2816, -0.7803]]])
x.shape torch.Size([25, 100, 2])
RegularEncoder(
  (lstm): LSTM(2, 20, bidirectional=True)
)
tensor([[[ 1.3586,  0.2269],
         [ 0.0725, -0.0946],
         [-0.4194, -0.2927],
         ...,
         [ 0.0615, -0.1435],
         [ 0.9317,  0.0638],
         [ 0.1382,  0.1283]],

        [[ 1.5867,  0.4620],
         [ 0.3205,  0.0525],
         [-0.1031, -0.0974],
         ...,
         [ 0.3753, -0.1916],
         [ 1.0578,  0.1557],
         [ 0.5509,  0.0465]],

        [[ 1.6690,  0.9808],
         [ 0.3982, -0.0657],
         [-0.0115, -0.3672],
         ...,
         [ 0.1741,  0.0764],
         [ 0.9236,  0.4760],
         [ 0.4388,  0.2572]],

        ...,

        [[-1.0158,  0.2720],
         [-0.6757, -0.3540],
         [-0.8168, -0.4916],
         ...,
         [ 0.0391,  0.7754],
         [-0.2612,  0.8157],
         [-1.0353, -1.3390]],

        [[-0.6214, -0.0819],
         [-0.5032, -0.2890],
         [-0.6950, -0.4637],
         ...,
         [ 0.0505,  0.5452],
         [-0.2510,  0.5357],
         [-0.9636, -1.3721]],

        [[-0.6401, -0.0347],
         [-0.0966, -0.3999],
         [-0.9527, -0.7953],
         ...,
         [ 0.0501,  0.4676],
         [-0.0733,  0.5449],
         [-0.5824, -1.4210]]])
x.shape torch.Size([25, 100, 2])
RegularEncoder(
  (lstm): LSTM(2, 20, bidirectional=True)
)
tensor([[[ 1.4708,  0.0349],
         [ 0.3340, -0.0350],
         [-0.0243,  0.0794],
         ...,
         [-0.1203, -0.1085],
         [-0.8094, -0.3586],
         [ 0.0152, -0.1733]],

        [[ 1.5947,  0.5866],
         [ 0.2799,  0.0078],
         [-0.0465, -0.1296],
         ...,
         [ 0.0599, -0.0692],
         [-0.5983, -0.3161],
         [-0.0302, -0.3118]],

        [[ 1.4236,  0.8739],
         [ 0.4144,  0.1817],
         [ 0.0672, -0.0906],
         ...,
         [-0.0780, -0.1801],
         [-0.6203, -0.4105],
         [-0.2553, -0.3428]],

        ...,

        [[-1.2750, -1.1594],
         [ 0.6440,  1.2379],
         [-0.3511, -0.4281],
         ...,
         [ 0.1534,  0.2230],
         [ 1.5061,  1.3028],
         [ 1.5269,  1.3021]],

        [[-1.4981, -1.1580],
         [ 0.4974,  1.2135],
         [-0.7439, -0.2923],
         ...,
         [ 0.2177,  0.1675],
         [ 1.4312,  1.3642],
         [ 1.9058,  1.4835]],

        [[-1.4721, -1.3342],
         [ 0.5203,  1.1451],
         [-0.6589, -0.5505],
         ...,
         [ 0.0465,  0.1265],
         [ 1.3689,  1.4918],
         [ 2.0366,  1.7843]]])
x.shape torch.Size([25, 100, 2])
RegularEncoder(
  (lstm): LSTM(2, 20, bidirectional=True)
)
tensor([[[-0.3834, -0.1320],
         [-0.4730, -0.3525],
         [-0.9041, -0.3223],
         ...,
         [-0.4929, -0.2227],
         [-2.1311, -0.5508],
         [ 1.8491,  0.2548]],

        [[-0.6537, -0.3767],
         [-0.4953, -0.2467],
         [-0.8338, -0.5407],
         ...,
         [-0.5696, -0.2835],
         [-2.0090, -1.0747],
         [ 2.3098,  0.8564]],

        [[-0.6131, -0.3361],
         [-0.6419, -0.4222],
         [-0.5612, -0.4227],
         ...,
         [-0.6885, -0.4752],
         [-1.9371, -1.4867],
         [ 1.9393,  1.2579]],

        ...,

        [[-0.2649, -0.6963],
         [ 1.2876,  0.8741],
         [ 0.0335,  0.1755],
         ...,
         [ 0.2901, -0.0340],
         [ 0.7143,  0.3401],
         [-1.6056, -1.4713]],

        [[-0.1613, -0.6562],
         [ 1.4217,  1.0755],
         [-0.1918,  0.1325],
         ...,
         [ 0.3235,  0.0555],
         [ 0.4716,  0.6532],
         [-1.3426, -1.5714]],

        [[ 0.1275, -0.3632],
         [ 1.5041,  1.2971],
         [-0.3065,  0.2264],
         ...,
         [ 0.4381,  0.1429],
         [ 0.4117,  0.4132],
         [-1.0687, -1.6088]]])
x.shape torch.Size([25, 100, 2])
RegularEncoder(
  (lstm): LSTM(2, 20, bidirectional=True)
)
tensor([[[ 2.1006e-01,  5.9551e-03],
         [-9.2247e-01, -2.9271e-01],
         [ 3.8754e-01,  2.4108e-02],
         ...,
         [-4.1983e-01, -2.3701e-01],
         [-2.0825e+00, -3.8367e-01],
         [ 5.3024e-01, -1.4195e-01]],

        [[ 4.3758e-01,  1.5848e-02],
         [-9.3771e-01, -6.0185e-01],
         [ 2.7362e-01,  6.8360e-02],
         ...,
         [-3.7228e-01, -3.2719e-01],
         [-2.4173e+00, -1.0563e+00],
         [ 6.4950e-01,  1.5239e-01]],

        [[ 3.1208e-01,  1.5821e-01],
         [-1.3401e+00, -8.3350e-01],
         [ 2.1572e-01,  1.2427e-01],
         ...,
         [-2.7853e-01, -3.3300e-01],
         [-2.3340e+00, -1.3850e+00],
         [ 8.2986e-01,  5.2000e-01]],

        ...,

        [[-1.1185e+00, -1.1389e+00],
         [ 4.9365e-01, -1.6272e-01],
         [-1.2532e-01, -2.3905e-01],
         ...,
         [-5.0312e-01, -4.1160e-01],
         [ 8.9445e-01, -1.1728e-01],
         [-5.6197e-01,  6.2061e-01]],

        [[-1.2355e+00, -1.2799e+00],
         [ 5.8813e-01, -8.4025e-02],
         [ 1.0576e-03, -3.8450e-01],
         ...,
         [-4.5610e-01, -5.8710e-01],
         [ 9.3248e-01,  1.6215e-01],
         [-8.0311e-01,  3.3233e-01]],

        [[-1.1599e+00, -1.3510e+00],
         [ 5.3415e-01,  1.6818e-01],
         [ 1.6747e-01, -2.9647e-01],
         ...,
         [-5.3704e-01, -5.7419e-01],
         [ 9.1809e-01,  2.5276e-01],
         [-9.6407e-01,  6.7657e-02]]])
x.shape torch.Size([25, 100, 2])
RegularEncoder(
  (lstm): LSTM(2, 20, bidirectional=True)
)
tensor([[[ 0.2101,  0.0060],
         [-0.6993, -0.2397],
         [ 0.6675,  0.1654],
         ...,
         [ 1.9767,  0.5699],
         [ 0.3763,  0.1517],
         [ 0.1451, -0.0587]],

        [[ 0.4376,  0.0158],
         [-0.6449, -0.4575],
         [ 0.6099,  0.2356],
         ...,
         [ 1.9556,  0.6824],
         [ 0.4865,  0.2644],
         [ 0.0508, -0.0407]],

        [[ 0.3121,  0.1582],
         [-0.5781, -0.4408],
         [ 0.5441,  0.5337],
         ...,
         [ 2.1011,  1.2002],
         [ 0.4063,  0.3526],
         [ 0.1417, -0.0287]],

        ...,

        [[-1.1185, -1.1389],
         [ 0.6155,  1.1572],
         [ 0.0381,  0.2939],
         ...,
         [-0.5131,  0.2580],
         [ 0.1800,  0.3467],
         [-0.9199, -0.9257]],

        [[-1.2355, -1.2799],
         [ 0.4105,  1.0693],
         [ 0.0056,  0.0174],
         ...,
         [-0.0151,  0.0160],
         [ 0.2372,  0.2365],
         [-0.9307, -0.9012]],

        [[-1.1599, -1.3510],
         [ 0.4553,  0.9947],
         [-0.0662,  0.1025],
         ...,
         [ 0.0808,  0.4114],
         [ 0.3113,  0.2658],
         [-1.0603, -0.8356]]])
x.shape torch.Size([25, 100, 2])
RegularEncoder(
  (lstm): LSTM(2, 20, bidirectional=True)
)
tensor([[[ 1.1387,  0.1971],
         [-0.7644, -0.1870],
         [-1.5109, -0.4573],
         ...,
         [-0.1722, -0.1767],
         [-0.0982, -0.0937],
         [ 1.4775,  0.3188]],

        [[ 1.2700,  0.4999],
         [-0.4689, -0.2919],
         [-1.2356, -0.6900],
         ...,
         [-0.2470, -0.1109],
         [ 0.0426, -0.1338],
         [ 1.6507,  0.4316]],

        [[ 1.6114,  0.8614],
         [-0.2256, -0.3922],
         [-1.3060, -0.7948],
         ...,
         [-0.1251, -0.0188],
         [-0.0219, -0.1207],
         [ 1.7729,  0.9738]],

        ...,

        [[-0.9358, -0.3629],
         [-0.2742,  0.3050],
         [ 0.7740,  0.8552],
         ...,
         [-0.1843,  0.2439],
         [ 0.2001,  0.4991],
         [-0.0146,  1.0408]],

        [[-1.1285, -0.3218],
         [-0.4349,  0.1183],
         [ 0.5510,  0.7962],
         ...,
         [-0.2552,  0.0977],
         [ 0.2411,  0.4637],
         [-0.1040,  1.0728]],

        [[-0.7494, -0.6204],
         [-0.5480,  0.1683],
         [ 0.6326,  0.7881],
         ...,
         [-0.4823,  0.0043],
         [ 0.2395,  0.5193],
         [-0.3445,  0.7770]]])
x.shape torch.Size([25, 100, 2])
RegularEncoder(
  (lstm): LSTM(2, 20, bidirectional=True)
)
tensor([[[ 0.5004,  0.1434],
         [ 1.4366,  0.1749],
         [ 1.7041,  0.1537],
         ...,
         [-0.3602, -0.4692],
         [-0.4040, -0.3235],
         [-0.2518, -0.2101]],

        [[ 0.6178,  0.2108],
         [ 1.3856,  0.6164],
         [ 1.7828,  0.7397],
         ...,
         [-0.4619, -0.5251],
         [-0.5259, -0.3657],
         [-0.2773, -0.4703]],

        [[ 0.7044,  0.3621],
         [ 1.6474,  0.9182],
         [ 2.0045,  1.2110],
         ...,
         [-0.3339, -0.1857],
         [-0.4980, -0.5120],
         [-0.1011, -0.1329]],

        ...,

        [[-1.8576, -1.8525],
         [-0.5404,  0.0995],
         [-1.1163, -0.6956],
         ...,
         [ 0.1907,  0.5981],
         [-0.7635, -1.1718],
         [ 0.0400,  0.2426]],

        [[-1.7583, -2.0428],
         [-0.4318, -0.1744],
         [-1.1845, -0.9643],
         ...,
         [ 0.3509,  0.5134],
         [-1.0040, -1.1883],
         [-0.2352,  0.2477]],

        [[-1.3033, -1.9848],
         [-0.1583, -0.2471],
         [-1.0101, -0.7762],
         ...,
         [ 0.1583,  0.6018],
         [-0.7901, -1.1008],
         [-0.4520,  0.1953]]])
x.shape torch.Size([25, 100, 2])
RegularEncoder(
  (lstm): LSTM(2, 20, bidirectional=True)
)
tensor([[[ 0.4044, -0.0501],
         [ 0.6093,  0.1173],
         [-0.3214, -0.2212],
         ...,
         [ 1.4708,  0.0349],
         [ 1.6817,  0.1916],
         [ 0.8313,  0.0339]],

        [[ 0.3281, -0.0396],
         [ 0.7945,  0.2879],
         [-0.2246, -0.1295],
         ...,
         [ 1.5947,  0.5866],
         [ 1.5942,  0.8092],
         [ 0.5902,  0.3083]],

        [[ 0.2912,  0.1099],
         [ 0.8400,  0.3208],
         [-0.1487, -0.2166],
         ...,
         [ 1.4236,  0.8739],
         [ 1.8415,  1.1245],
         [ 0.6787,  0.4487]],

        ...,

        [[ 0.2379,  0.6187],
         [ 1.0002,  1.7513],
         [ 1.4541,  1.8712],
         ...,
         [-1.2750, -1.1594],
         [ 0.7504,  1.4499],
         [ 0.1961,  0.5772]],

        [[ 0.2803,  0.5687],
         [ 1.2498,  1.6841],
         [ 1.6556,  1.8849],
         ...,
         [-1.4981, -1.1580],
         [ 0.9651,  1.2318],
         [ 0.2356,  0.4617]],

        [[ 0.1781,  0.5556],
         [ 1.0263,  1.7603],
         [ 1.2311,  1.9181],
         ...,
         [-1.4721, -1.3342],
         [ 0.6725,  1.4031],
         [ 0.7541,  0.7008]]])
x.shape torch.Size([25, 100, 2])
RegularEncoder(
  (lstm): LSTM(2, 20, bidirectional=True)
)
tensor([[[-0.7146, -0.3929],
         [-0.6628, -0.2976],
         [ 0.3748, -0.1605],
         ...,
         [ 0.1655, -0.1016],
         [ 1.6743,  0.2817],
         [-1.0632, -0.6080]],

        [[-0.8077, -0.3052],
         [-0.9372, -0.5482],
         [ 0.3738,  0.0118],
         ...,
         [ 0.1607,  0.0453],
         [ 1.5727,  0.7916],
         [-1.1241, -0.5701]],

        [[-0.7254, -0.5165],
         [-1.0755, -0.7301],
         [ 0.1964,  0.1011],
         ...,
         [-0.0365, -0.0694],
         [ 1.9183,  1.1133],
         [-1.0471, -0.7427]],

        ...,

        [[-0.4781, -0.6437],
         [-1.2076, -1.7661],
         [ 0.0553, -0.1341],
         ...,
         [-0.6998, -0.8176],
         [-1.1105, -0.5645],
         [-0.7736, -0.8718]],

        [[-0.3168, -0.3595],
         [-0.9625, -1.8433],
         [-0.0272,  0.0772],
         ...,
         [-0.8151, -1.0442],
         [-0.9762, -0.6723],
         [-0.8503, -1.0227]],

        [[-0.4109, -0.5617],
         [-0.7717, -1.8594],
         [ 0.1968,  0.1401],
         ...,
         [-0.7039, -1.0119],
         [-0.5080, -0.6063],
         [-0.9231, -0.9855]]])
x.shape torch.Size([25, 100, 2])
RegularEncoder(
  (lstm): LSTM(2, 20, bidirectional=True)
)
tensor([[[ 1.7499,  0.4815],
         [ 0.8313,  0.0339],
         [-0.3720, -0.2924],
         ...,
         [-1.2452, -0.6698],
         [-0.3956, -0.3751],
         [ 0.6225, -0.1182]],

        [[ 1.9428,  0.8155],
         [ 0.5902,  0.3083],
         [-0.5339, -0.1987],
         ...,
         [-1.2509, -0.7692],
         [-0.6014, -0.3287],
         [ 0.6939,  0.0472]],

        [[ 1.9995,  1.2311],
         [ 0.6787,  0.4487],
         [-0.7710, -0.4221],
         ...,
         [-1.2697, -0.7943],
         [-0.5925, -0.4379],
         [ 0.5493,  0.3773]],

        ...,

        [[-2.5279, -2.4685],
         [ 0.1961,  0.5772],
         [-0.0960, -0.1446],
         ...,
         [ 0.6428,  0.3522],
         [ 0.7010,  0.4570],
         [ 0.3155,  0.8342]],

        [[-2.3786, -2.7071],
         [ 0.2356,  0.4617],
         [-0.0503, -0.1659],
         ...,
         [ 0.5238,  0.6329],
         [ 0.7633,  0.6024],
         [ 0.4381,  0.8351]],

        [[-1.8660, -2.6904],
         [ 0.7541,  0.7008],
         [ 0.0043,  0.0250],
         ...,
         [ 0.5479,  0.6786],
         [ 0.8450,  0.7532],
         [ 0.1614,  0.7665]]])
x.shape torch.Size([25, 100, 2])
RegularEncoder(
  (lstm): LSTM(2, 20, bidirectional=True)
)
tensor([[[ 0.0350, -0.0042],
         [ 0.3191,  0.1895],
         [-0.6993, -0.2397],
         ...,
         [-0.0950, -0.0059],
         [ 0.4691,  0.1530],
         [-0.6993, -0.2397]],

        [[ 0.1585,  0.0357],
         [ 0.5696, -0.0210],
         [-0.6449, -0.4575],
         ...,
         [-0.0033, -0.0337],
         [ 0.4343,  0.0923],
         [-0.6449, -0.4575]],

        [[ 0.0266,  0.0231],
         [ 0.5953,  0.2717],
         [-0.5781, -0.4408],
         ...,
         [-0.0697,  0.1179],
         [ 0.3990,  0.2358],
         [-0.5781, -0.4408]],

        ...,

        [[ 0.5085,  0.8011],
         [-1.5541, -1.0052],
         [ 0.6155,  1.1572],
         ...,
         [-1.8052, -2.7555],
         [-0.7725, -0.0064],
         [ 0.6155,  1.1572]],

        [[ 0.5123,  0.9354],
         [-1.1162, -1.1069],
         [ 0.4105,  1.0693],
         ...,
         [-1.4536, -2.4832],
         [-0.6577, -0.3076],
         [ 0.4105,  1.0693]],

        [[ 0.2752,  0.8006],
         [-0.8675, -1.1202],
         [ 0.4553,  0.9947],
         ...,
         [-0.8638, -2.5839],
         [-0.7481, -0.3223],
         [ 0.4553,  0.9947]]])
x.shape torch.Size([25, 100, 2])
RegularEncoder(
  (lstm): LSTM(2, 20, bidirectional=True)
)
tensor([[[-1.7500, -0.6679],
         [ 0.0404,  0.1052],
         [ 0.8372,  0.1426],
         ...,
         [ 2.3868,  0.4758],
         [ 0.3964, -0.1190],
         [ 1.5906,  0.2658]],

        [[-1.7450, -0.8876],
         [-0.0202, -0.0926],
         [ 0.7921,  0.4283],
         ...,
         [ 2.6016,  0.8916],
         [-0.0356,  0.0714],
         [ 1.7542,  0.7037]],

        [[-1.8971, -1.0825],
         [-0.0145, -0.0144],
         [ 0.9817,  0.6012],
         ...,
         [ 2.9059,  1.6630],
         [ 0.0233,  0.1514],
         [ 2.1729,  0.9235]],

        ...,

        [[-0.5517, -1.9631],
         [ 0.6127,  0.8120],
         [ 0.4015,  1.3812],
         ...,
         [-1.1920,  0.5582],
         [ 0.0467,  0.0302],
         [-1.8443, -0.5213]],

        [[-0.3290, -1.7820],
         [ 0.6431,  0.8880],
         [ 0.5468,  1.2591],
         ...,
         [-1.3794,  0.2223],
         [ 0.0838,  0.0436],
         [-1.7962, -0.9321]],

        [[-0.1466, -1.3809],
         [ 0.8084,  0.8647],
         [ 0.2430,  1.1392],
         ...,
         [-1.0727, -0.0562],
         [ 0.0227,  0.0474],
         [-1.5108, -1.2062]]])
x.shape torch.Size([25, 100, 2])
RegularEncoder(
  (lstm): LSTM(2, 20, bidirectional=True)
)
tensor([[[-9.1615e-01, -3.5203e-01],
         [ 7.3090e-01,  1.1743e-01],
         [ 9.3124e-01,  1.8554e-01],
         ...,
         [ 7.3652e-01,  1.5894e-01],
         [ 5.4919e-02, -1.4323e-01],
         [-5.2608e-01, -1.9271e-01]],

        [[-1.0531e+00, -5.0099e-01],
         [ 8.2249e-01,  3.9835e-01],
         [ 1.3066e+00,  3.6005e-01],
         ...,
         [ 8.3212e-01,  3.0989e-01],
         [-1.2807e-02,  1.3254e-03],
         [-3.9748e-01, -1.2996e-01]],

        [[-1.3566e+00, -8.4693e-01],
         [ 1.1019e+00,  4.9352e-01],
         [ 1.0352e+00,  6.8042e-01],
         ...,
         [ 6.6685e-01,  2.0657e-01],
         [ 1.0991e-02, -3.9348e-02],
         [-6.0538e-01, -2.1827e-01]],

        ...,

        [[-1.6549e+00, -3.2391e+00],
         [-2.8271e+00, -2.5459e+00],
         [-5.8252e-01, -4.1826e-01],
         ...,
         [ 8.7495e-01,  1.1981e+00],
         [-6.6019e-01, -9.6093e-01],
         [ 3.9761e-01, -8.2083e-02]],

        [[-1.2518e+00, -2.8667e+00],
         [-2.6271e+00, -3.0391e+00],
         [-4.7675e-01, -5.0170e-01],
         ...,
         [ 7.9247e-01,  1.1329e+00],
         [-7.4212e-01, -1.1257e+00],
         [ 5.0910e-01,  3.0323e-01]],

        [[-1.0111e+00, -2.6805e+00],
         [-2.1710e+00, -3.0510e+00],
         [-5.8562e-02, -2.9568e-01],
         ...,
         [ 7.1593e-01,  1.2340e+00],
         [-7.0020e-01, -1.2080e+00],
         [ 6.5349e-01,  4.8172e-01]]])
x.shape torch.Size([25, 100, 2])
RegularEncoder(
  (lstm): LSTM(2, 20, bidirectional=True)
)
tensor([[[-0.6346, -0.3538],
         [ 0.6494,  0.0211],
         [ 0.2912,  0.1359],
         ...,
         [-0.1935, -0.2194],
         [ 0.5638, -0.2725],
         [ 1.5906,  0.2658]],

        [[-0.2644, -0.4081],
         [ 0.7560,  0.2564],
         [ 0.2753,  0.0277],
         ...,
         [-0.0892, -0.1448],
         [ 0.7649,  0.3153],
         [ 1.7542,  0.7037]],

        [[-0.6713, -0.3539],
         [ 0.8113,  0.4392],
         [ 0.2050,  0.0646],
         ...,
         [-0.1700, -0.1449],
         [ 0.6714,  0.4047],
         [ 2.1729,  0.9235]],

        ...,

        [[-1.2280, -1.9350],
         [-1.3525, -0.5627],
         [-0.2091,  0.0276],
         ...,
         [-1.8777, -2.1630],
         [-1.1906, -1.1858],
         [-1.8443, -0.5213]],

        [[-1.1979, -1.8413],
         [-1.4109, -0.7584],
         [-0.0078, -0.0291],
         ...,
         [-2.0020, -2.3544],
         [-1.0652, -1.1193],
         [-1.7962, -0.9321]],

        [[-1.1453, -1.7943],
         [-1.4577, -0.9061],
         [ 0.2614,  0.2033],
         ...,
         [-1.8873, -2.2804],
         [-0.5681, -1.1575],
         [-1.5108, -1.2062]]])
x.shape torch.Size([25, 100, 2])
RegularEncoder(
  (lstm): LSTM(2, 20, bidirectional=True)
)
tensor([[[-0.1814, -0.2513],
         [ 0.0108, -0.1061],
         [-1.3313, -0.5810],
         ...,
         [ 0.7078, -0.0155],
         [-0.5569, -0.1753],
         [ 0.5399, -0.0050]],

        [[-0.2584, -0.1199],
         [-0.0493,  0.0269],
         [-1.1744, -0.8206],
         ...,
         [ 0.7672,  0.2480],
         [-0.3810, -0.1769],
         [ 0.4669,  0.0585]],

        [[-0.2533, -0.2895],
         [ 0.0277, -0.1522],
         [-1.2587, -0.9541],
         ...,
         [ 0.8808,  0.5695],
         [-0.4295, -0.3522],
         [ 0.6174,  0.0947]],

        ...,

        [[-0.3425, -0.2456],
         [ 0.3754, -0.0825],
         [ 0.3727,  0.2114],
         ...,
         [-0.8089, -0.4899],
         [ 0.3150,  0.1024],
         [ 0.0174,  0.3269]],

        [[-0.4921, -0.5035],
         [ 0.4521,  0.0333],
         [ 0.4002,  0.2464],
         ...,
         [-0.9043, -0.6421],
         [ 0.0693,  0.2067],
         [ 0.0664,  0.2584]],

        [[-0.6113, -0.3810],
         [ 0.5958,  0.3309],
         [ 0.8001,  0.2672],
         ...,
         [-0.4249, -0.5164],
         [ 0.1627,  0.2166],
         [-0.1227,  0.1741]]])
x.shape torch.Size([25, 100, 2])
RegularEncoder(
  (lstm): LSTM(2, 20, bidirectional=True)
)
tensor([[[-1.3611, -0.7106],
         [-0.4538, -0.1555],
         [-0.0084, -0.2045],
         ...,
         [-0.1734, -0.2126],
         [ 0.2413, -0.1540],
         [ 1.1391,  0.0902]],

        [[-1.3303, -0.7377],
         [-0.3255, -0.1568],
         [ 0.1026, -0.1282],
         ...,
         [-0.3204, -0.1953],
         [ 0.4672,  0.0882],
         [ 1.2187,  0.3318]],

        [[-1.5936, -0.9347],
         [-0.0643, -0.1785],
         [ 0.2059,  0.1861],
         ...,
         [-0.2718, -0.2239],
         [ 0.3176,  0.1637],
         [ 1.2597,  0.7893]],

        ...,

        [[-0.7035, -1.5449],
         [-1.5379, -1.7636],
         [ 0.0619,  0.2512],
         ...,
         [ 0.6028,  0.3049],
         [-0.6756, -0.3461],
         [-0.4737, -0.0593]],

        [[-0.5773, -1.4305],
         [-1.5458, -1.8537],
         [ 0.0876,  0.1573],
         ...,
         [ 0.3681,  0.1586],
         [-0.4341, -0.4681],
         [-0.2182, -0.2824]],

        [[-0.5883, -1.1150],
         [-1.6639, -2.1019],
         [ 0.0115,  0.3768],
         ...,
         [ 0.5020,  0.4546],
         [-0.7481, -0.4842],
         [ 0.0445, -0.1624]]])
x.shape torch.Size([25, 100, 2])
RegularEncoder(
  (lstm): LSTM(2, 20, bidirectional=True)
)
tensor([[[ 0.6983, -0.0391],
         [ 1.2035,  0.3038],
         [ 0.0197,  0.1261],
         ...,
         [ 0.3474, -0.0026],
         [-0.0243,  0.0794],
         [ 0.5638, -0.2725]],

        [[ 0.8630,  0.2497],
         [ 1.2956,  0.6183],
         [ 0.0905, -0.0676],
         ...,
         [ 0.0468,  0.1839],
         [-0.0465, -0.1296],
         [ 0.7649,  0.3153]],

        [[ 0.9564,  0.5904],
         [ 1.0044,  0.6894],
         [ 0.0236,  0.0127],
         ...,
         [ 0.0084, -0.0121],
         [ 0.0672, -0.0906],
         [ 0.6714,  0.4047]],

        ...,

        [[-0.7977,  0.5275],
         [-0.1772, -0.0348],
         [ 0.6594,  0.8086],
         ...,
         [ 1.2414,  0.7888],
         [-0.3511, -0.4281],
         [-1.1906, -1.1858]],

        [[-0.8940,  0.1082],
         [-0.0856, -0.0046],
         [ 0.8417,  0.9103],
         ...,
         [ 1.5172,  1.0556],
         [-0.7439, -0.2923],
         [-1.0652, -1.1193]],

        [[-0.9196, -0.2476],
         [-0.0725,  0.1027],
         [ 0.9922,  0.7389],
         ...,
         [ 1.4746,  1.2530],
         [-0.6589, -0.5505],
         [-0.5681, -1.1575]]])
x.shape torch.Size([25, 100, 2])
RegularEncoder(
  (lstm): LSTM(2, 20, bidirectional=True)
)
tensor([[[ 0.5673,  0.0273],
         [ 0.8458,  0.1799],
         [-0.8774, -0.2450],
         ...,
         [ 0.1655, -0.1016],
         [-0.0200, -0.1128],
         [-0.3122, -0.2091]],

        [[ 0.4587,  0.5069],
         [ 0.8741,  0.3303],
         [-0.6575, -0.5026],
         ...,
         [ 0.1607,  0.0453],
         [ 0.0547,  0.0549],
         [-0.4621, -0.3095]],

        [[ 0.4219,  0.0810],
         [ 0.4278,  0.2157],
         [-0.8544, -0.7243],
         ...,
         [-0.0365, -0.0694],
         [ 0.0463, -0.0602],
         [-0.4618, -0.4327]],

        ...,

        [[-0.6671, -0.3199],
         [ 0.1901, -0.2085],
         [ 0.6330,  0.8389],
         ...,
         [-0.6998, -0.8176],
         [-0.4280, -0.2663],
         [-1.2090, -1.6143]],

        [[-0.4899, -0.2211],
         [ 0.2810,  0.0282],
         [ 0.2444,  0.9696],
         ...,
         [-0.8151, -1.0442],
         [-0.2863, -0.1223],
         [-0.9691, -1.8124]],

        [[-0.4373, -0.4556],
         [ 0.3616,  0.2227],
         [ 0.2133,  0.9671],
         ...,
         [-0.7039, -1.0119],
         [-0.2418, -0.3225],
         [-0.8374, -1.5442]]])
x.shape torch.Size([25, 100, 2])
RegularEncoder(
  (lstm): LSTM(2, 20, bidirectional=True)
)
tensor([[[ 0.1315, -0.1182],
         [-0.7044, -0.2861],
         [-0.0843, -0.2432],
         ...,
         [-0.0069,  0.0071],
         [ 0.8669,  0.0365],
         [-1.0405, -0.0661]],

        [[-0.2484, -0.2970],
         [-0.4991, -0.4300],
         [ 0.0703, -0.0241],
         ...,
         [-0.1208, -0.0915],
         [ 1.0493,  0.3781],
         [-1.0566, -0.6058]],

        [[-0.3459, -0.1333],
         [-0.6327, -0.5089],
         [ 0.1053,  0.0453],
         ...,
         [-0.3978, -0.1694],
         [ 1.0471,  0.5421],
         [-0.7430, -0.5292]],

        ...,

        [[-0.0961, -0.6511],
         [-0.3463, -0.8306],
         [-0.7142, -0.6414],
         ...,
         [ 0.8715,  0.5412],
         [-0.6536, -0.3044],
         [ 0.1047, -0.0529]],

        [[ 0.1408, -0.6086],
         [-0.0710, -0.6891],
         [-0.5463, -0.6820],
         ...,
         [ 0.6223,  0.4276],
         [-0.3422, -0.2546],
         [-0.1525, -0.0689]],

        [[-0.0553, -0.4617],
         [-0.0367, -0.5998],
         [-0.5332, -0.6937],
         ...,
         [ 0.8182,  0.7637],
         [-0.1388, -0.1741],
         [-0.1205, -0.0565]]])
x.shape torch.Size([25, 100, 2])
RegularEncoder(
  (lstm): LSTM(2, 20, bidirectional=True)
)
tensor([[[-1.1842, -0.6549],
         [ 0.8669,  0.0365],
         [ 1.3844,  0.4207],
         ...,
         [ 0.0719, -0.0022],
         [ 1.2216,  0.0584],
         [-0.3810, -0.1302]],

        [[-1.1390, -0.7647],
         [ 1.0493,  0.3781],
         [ 1.5722,  0.4611],
         ...,
         [-0.1280, -0.0526],
         [ 1.2284,  0.6427],
         [-0.4693, -0.2663]],

        [[-1.2384, -0.6706],
         [ 1.0471,  0.5421],
         [ 1.8186,  0.8690],
         ...,
         [ 0.1163, -0.0675],
         [ 1.5737,  0.8472],
         [-0.4687, -0.3805]],

        ...,

        [[-0.4106, -0.2529],
         [-0.6536, -0.3044],
         [-1.3732, -1.1256],
         ...,
         [-0.6653,  0.1921],
         [-0.5880, -0.2625],
         [-0.2482, -0.7440]],

        [[-0.5153, -0.2012],
         [-0.3422, -0.2546],
         [-1.3602, -1.4978],
         ...,
         [-0.7245, -0.2064],
         [-0.5092, -0.2786],
         [-0.1471, -0.8439]],

        [[-0.5235, -0.3864],
         [-0.1388, -0.1741],
         [-0.8008, -1.4745],
         ...,
         [-0.9278, -0.3575],
         [-0.1441, -0.1086],
         [ 0.0772, -0.6154]]])
x.shape torch.Size([25, 100, 2])
RegularEncoder(
  (lstm): LSTM(2, 20, bidirectional=True)
)
tensor([[[-0.9043, -0.2992],
         [ 0.0108, -0.1061],
         [ 0.6276,  0.1496],
         ...,
         [-0.1814, -0.2513],
         [ 0.4351, -0.0138],
         [-0.6483, -0.3793]],

        [[-0.9913, -0.5138],
         [-0.0493,  0.0269],
         [ 0.2676,  0.0907],
         ...,
         [-0.2584, -0.1199],
         [ 0.2532,  0.1657],
         [-0.8269, -0.2656]],

        [[-0.8376, -0.6295],
         [ 0.0277, -0.1522],
         [ 0.0967,  0.0880],
         ...,
         [-0.2533, -0.2895],
         [-0.0121,  0.0693],
         [-0.7999, -0.5945]],

        ...,

        [[-1.2339, -1.8253],
         [ 0.3754, -0.0825],
         [-1.7358, -2.8584],
         ...,
         [-0.3425, -0.2456],
         [-0.8438, -1.0585],
         [-0.1628, -0.6077]],

        [[-0.9587, -1.8184],
         [ 0.4521,  0.0333],
         [-1.5905, -2.5237],
         ...,
         [-0.4921, -0.5035],
         [-0.8722, -1.3180],
         [-0.2070, -0.2966]],

        [[-1.0160, -1.6900],
         [ 0.5958,  0.3309],
         [-0.9841, -2.4366],
         ...,
         [-0.6113, -0.3810],
         [-0.7490, -1.4556],
         [ 0.0803, -0.4733]]])
x.shape torch.Size([25, 100, 2])
RegularEncoder(
  (lstm): LSTM(2, 20, bidirectional=True)
)
tensor([[[ 0.4389, -0.0671],
         [-1.2580, -0.1441],
         [-0.6609, -0.3473],
         ...,
         [ 0.4044, -0.0501],
         [-0.0254, -0.1385],
         [-0.7174, -0.2932]],

        [[ 0.5815,  0.1169],
         [-1.1516, -0.6201],
         [-0.8282, -0.4401],
         ...,
         [ 0.3281, -0.0396],
         [ 0.0126,  0.1110],
         [-0.7174, -0.4513]],

        [[ 0.6645,  0.3326],
         [-0.7492, -0.7172],
         [-0.7398, -0.5470],
         ...,
         [ 0.2912,  0.1099],
         [ 0.1603, -0.1700],
         [-0.8865, -0.5989]],

        ...,

        [[-0.0891,  0.5345],
         [-0.3439, -0.6201],
         [ 0.1205,  0.3854],
         ...,
         [ 0.2379,  0.6187],
         [-0.1714,  0.4100],
         [-0.7113, -0.4789]],

        [[-0.2436,  0.3475],
         [-0.3570, -0.6742],
         [-0.0500,  0.2883],
         ...,
         [ 0.2803,  0.5687],
         [-0.2256,  0.1878],
         [-0.5030, -0.4304]],

        [[-0.1647,  0.0792],
         [-0.2178, -0.7186],
         [-0.1013,  0.1419],
         ...,
         [ 0.1781,  0.5556],
         [-0.2203,  0.2082],
         [-0.7585, -0.6399]]])
x.shape torch.Size([25, 100, 2])
RegularEncoder(
  (lstm): LSTM(2, 20, bidirectional=True)
)
tensor([[[ 0.4459, -0.0933],
         [ 1.1387,  0.1971],
         [ 1.2177,  0.0731],
         ...,
         [ 1.2177,  0.0731],
         [ 1.8491,  0.2548],
         [-1.3962, -0.5887]],

        [[ 0.3697, -0.0309],
         [ 1.2700,  0.4999],
         [ 1.2758,  0.4502],
         ...,
         [ 1.2758,  0.4502],
         [ 2.3098,  0.8564],
         [-1.1195, -0.9078]],

        [[ 0.2851,  0.1207],
         [ 1.6114,  0.8614],
         [ 1.4181,  0.6183],
         ...,
         [ 1.4181,  0.6183],
         [ 1.9393,  1.2579],
         [-1.5285, -0.7713]],

        ...,

        [[-1.2110, -1.1470],
         [-0.9358, -0.3629],
         [ 0.3832,  1.1590],
         ...,
         [ 0.3832,  1.1590],
         [-1.6056, -1.4713],
         [ 0.0140, -0.3484]],

        [[-1.3664, -1.1495],
         [-1.1285, -0.3218],
         [ 0.4851,  0.8426],
         ...,
         [ 0.4851,  0.8426],
         [-1.3426, -1.5714],
         [-0.1577, -0.4169]],

        [[-1.2184, -1.3796],
         [-0.7494, -0.6204],
         [ 0.8025,  0.8984],
         ...,
         [ 0.8025,  0.8984],
         [-1.0687, -1.6088],
         [-0.0779, -0.2989]]])
x.shape torch.Size([25, 100, 2])
RegularEncoder(
  (lstm): LSTM(2, 20, bidirectional=True)
)
tensor([[[-2.1250, -0.6835],
         [-0.2594, -0.0942],
         [-0.1734, -0.2126],
         ...,
         [ 0.8291, -0.0928],
         [-0.2572, -0.2074],
         [-1.0198, -0.1397]],

        [[-2.0353, -1.0746],
         [-0.0798, -0.1433],
         [-0.3204, -0.1953],
         ...,
         [ 0.6641,  0.1605],
         [ 0.2249, -0.1205],
         [-1.2560, -0.4805]],

        [[-2.2727, -1.7175],
         [-0.2670, -0.0994],
         [-0.2718, -0.2239],
         ...,
         [ 0.5651,  0.4479],
         [ 0.5242,  0.0293],
         [-1.2680, -0.8134]],

        ...,

        [[ 0.4897, -0.5487],
         [ 1.5538,  1.8049],
         [ 0.6028,  0.3049],
         ...,
         [-0.1782,  0.0500],
         [-1.2797, -0.5241],
         [ 0.2462, -0.3086]],

        [[ 0.5185, -0.3341],
         [ 1.6288,  1.8527],
         [ 0.3681,  0.1586],
         ...,
         [-0.0692, -0.2537],
         [-0.9741, -0.7507],
         [ 0.2298, -0.0288]],

        [[ 0.5264, -0.0800],
         [ 1.8916,  1.7466],
         [ 0.5020,  0.4546],
         ...,
         [ 0.1161, -0.0883],
         [-0.6400, -0.6148],
         [ 0.1823, -0.1792]]])
x.shape torch.Size([25, 100, 2])
RegularEncoder(
  (lstm): LSTM(2, 20, bidirectional=True)
)
tensor([[[ 1.2903,  0.1749],
         [ 0.1068,  0.0182],
         [ 0.4614,  0.0288],
         ...,
         [-0.8774, -0.2450],
         [-0.7174, -0.2932],
         [-0.7133, -0.1072]],

        [[ 1.2899,  0.4839],
         [ 0.1111, -0.1016],
         [ 0.3170,  0.1087],
         ...,
         [-0.6575, -0.5026],
         [-0.7174, -0.4513],
         [-0.5008, -0.3516]],

        [[ 1.5355,  0.9695],
         [-0.1699, -0.1195],
         [ 0.4865,  0.2690],
         ...,
         [-0.8544, -0.7243],
         [-0.8865, -0.5989],
         [-0.7207, -0.5009]],

        ...,

        [[-0.7657, -0.4134],
         [-0.9068, -0.9916],
         [-1.0668, -0.3727],
         ...,
         [ 0.6330,  0.8389],
         [-0.7113, -0.4789],
         [-0.3619, -0.6396]],

        [[-0.4609, -0.4693],
         [-0.5909, -1.0076],
         [-0.9175, -0.6495],
         ...,
         [ 0.2444,  0.9696],
         [-0.5030, -0.4304],
         [-0.5291, -0.6468]],

        [[-0.0089, -0.4569],
         [-0.6716, -1.1317],
         [-0.9591, -0.7106],
         ...,
         [ 0.2133,  0.9671],
         [-0.7585, -0.6399],
         [-0.5677, -0.5856]]])
x.shape torch.Size([25, 100, 2])
RegularEncoder(
  (lstm): LSTM(2, 20, bidirectional=True)
)
tensor([[[-0.4100, -0.3327],
         [-0.7133, -0.1072],
         [ 1.1391,  0.0902],
         ...,
         [ 0.4459, -0.0933],
         [-1.1068, -0.4505],
         [-0.0153, -0.0758]],

        [[-0.4601, -0.3899],
         [-0.5008, -0.3516],
         [ 1.2187,  0.3318],
         ...,
         [ 0.3697, -0.0309],
         [-1.2873, -0.5380],
         [ 0.3332, -0.1331]],

        [[-0.5992, -0.3539],
         [-0.7207, -0.5009],
         [ 1.2597,  0.7893],
         ...,
         [ 0.2851,  0.1207],
         [-1.1015, -0.7719],
         [ 0.3963,  0.1179]],

        ...,

        [[ 1.0307,  1.0398],
         [-0.3619, -0.6396],
         [-0.4737, -0.0593],
         ...,
         [-1.2110, -1.1470],
         [ 0.9073,  0.5945],
         [-0.4069, -0.1413]],

        [[ 1.0720,  0.9780],
         [-0.5291, -0.6468],
         [-0.2182, -0.2824],
         ...,
         [-1.3664, -1.1495],
         [ 0.7517,  0.9847],
         [-0.3477, -0.2087]],

        [[ 0.9246,  1.2126],
         [-0.5677, -0.5856],
         [ 0.0445, -0.1624],
         ...,
         [-1.2184, -1.3796],
         [ 0.8312,  0.7753],
         [-0.2630, -0.2528]]])
x.shape torch.Size([25, 100, 2])
RegularEncoder(
  (lstm): LSTM(2, 20, bidirectional=True)
)
tensor([[[ 0.7309,  0.1174],
         [-0.0321, -0.0721],
         [-0.2456, -0.1943],
         ...,
         [-0.4538, -0.1555],
         [ 0.5033,  0.0414],
         [ 0.4614,  0.0288]],

        [[ 0.8225,  0.3984],
         [ 0.2850, -0.1341],
         [-0.1402, -0.1576],
         ...,
         [-0.3255, -0.1568],
         [ 0.6593, -0.0365],
         [ 0.3170,  0.1087]],

        [[ 1.1019,  0.4935],
         [-0.3901, -0.1517],
         [ 0.0300, -0.3509],
         ...,
         [-0.0643, -0.1785],
         [ 0.6329,  0.3187],
         [ 0.4865,  0.2690]],

        ...,

        [[-2.8271, -2.5459],
         [ 0.4251, -0.2471],
         [-0.1339,  0.5455],
         ...,
         [-1.5379, -1.7636],
         [ 0.0413,  0.6990],
         [-1.0668, -0.3727]],

        [[-2.6271, -3.0391],
         [ 0.5197, -0.1953],
         [-0.2649,  0.3438],
         ...,
         [-1.5458, -1.8537],
         [ 0.0881,  0.4041],
         [-0.9175, -0.6495]],

        [[-2.1710, -3.0510],
         [ 0.7063,  0.1484],
         [-0.3746,  0.2671],
         ...,
         [-1.6639, -2.1019],
         [-0.1117,  0.5397],
         [-0.9591, -0.7106]]])
