Running simulation with seed 100
loading data
Iteration 0
Pretrain
Eval
Matching on validation set
After Lasso procedure | Total Loss 0.002390
--- Training done in 5.560438871383667 seconds ---
estimated y tensor([[ 0.5520, -1.0649,  1.6776, -1.6726, -0.2081],
        [ 0.5618, -1.1125,  1.8825, -1.7662, -0.2642],
        [ 0.5690, -1.1285,  1.9573, -1.7494, -0.2603],
        [ 0.7009, -1.1619,  2.1022, -1.9033, -0.2503],
        [ 0.7957, -1.2505,  2.1827, -1.9142, -0.3066]])
actual y tensor([[ 0.4403, -1.2195,  1.5079, -1.7739, -0.2773],
        [ 0.5967, -0.9580,  1.8402, -1.8903, -0.2410],
        [ 0.5646, -1.2822,  1.9972, -1.8861, -0.2584],
        [ 0.6439, -1.4182,  2.1132, -1.9699, -0.6441],
        [ 0.6308, -1.5685,  2.2434, -2.1325, -0.3077]])
Control Y MAE: 0.1216161921620369
Iteration 1
Pretrain
Eval
Matching on validation set
After Lasso procedure | Total Loss 0.002871
--- Training done in 5.1822099685668945 seconds ---
estimated y tensor([[ 0.5296, -1.1612,  1.8638, -1.7341, -0.3167],
        [ 0.6038, -1.2374,  1.9216, -1.8310, -0.3299],
        [ 0.6884, -1.2347,  2.0248, -1.8220, -0.3312],
        [ 0.7517, -1.2895,  2.1853, -2.0090, -0.3159],
        [ 0.7819, -1.3959,  2.2491, -1.9612, -0.3770]])
actual y tensor([[ 0.4403, -1.2195,  1.5079, -1.7739, -0.2773],
        [ 0.5967, -0.9580,  1.8402, -1.8903, -0.2410],
        [ 0.5646, -1.2822,  1.9972, -1.8861, -0.2584],
        [ 0.6439, -1.4182,  2.1132, -1.9699, -0.6441],
        [ 0.6308, -1.5685,  2.2434, -2.1325, -0.3077]])
Control Y MAE: 0.10276058316230774
Iteration 2
Pretrain
Eval
Matching on validation set
After Lasso procedure | Total Loss 0.003561
--- Training done in 4.539083480834961 seconds ---
estimated y tensor([[ 0.6713, -1.1663,  1.8560, -1.7252, -0.1778],
        [ 0.7404, -1.1696,  2.0705, -1.7949, -0.2435],
        [ 0.7422, -1.2628,  2.0396, -1.9307, -0.2845],
        [ 0.8247, -1.3608,  2.1690, -2.0970, -0.3475],
        [ 0.7864, -1.3625,  2.2736, -2.0089, -0.4018]])
actual y tensor([[ 0.4403, -1.2195,  1.5079, -1.7739, -0.2773],
        [ 0.5967, -0.9580,  1.8402, -1.8903, -0.2410],
        [ 0.5646, -1.2822,  1.9972, -1.8861, -0.2584],
        [ 0.6439, -1.4182,  2.1132, -1.9699, -0.6441],
        [ 0.6308, -1.5685,  2.2434, -2.1325, -0.3077]])
Control Y MAE: 0.12166006118059158
Testing
Iteration 0
After Lasso procedure | Total Loss 0.002929
estimated y tensor([[-2.8859,  0.4023, -1.1666, -0.8944,  0.3443],
        [-3.0806,  0.4467, -1.0732, -0.8505,  0.3858],
        [-3.2765,  0.5124, -1.1891, -0.8603,  0.4415],
        [-3.4669,  0.5677, -1.1272, -0.8413,  0.4855],
        [-3.6399,  0.6095, -1.2023, -0.9126,  0.5223]])
actual y tensor([[-2.8451,  0.0934, -1.2573, -0.7231,  0.2683],
        [-3.1876,  0.2861, -1.1750, -0.6259,  0.5054],
        [-3.4182,  0.5217, -1.1534, -0.8783,  0.1845],
        [-3.5333,  0.4398, -1.1020, -0.9690,  0.3187],
        [-3.8721,  0.5502, -1.2021, -0.9245,  0.2675]])
Iteration 1
After Lasso procedure | Total Loss 0.002929
estimated y tensor([[-2.8859,  0.4023, -1.1666, -0.8944,  0.3443],
        [-3.0806,  0.4467, -1.0732, -0.8505,  0.3858],
        [-3.2765,  0.5124, -1.1891, -0.8603,  0.4415],
        [-3.4669,  0.5677, -1.1272, -0.8413,  0.4855],
        [-3.6399,  0.6095, -1.2023, -0.9126,  0.5223]])
actual y tensor([[-2.8451,  0.0934, -1.2573, -0.7231,  0.2683],
        [-3.1876,  0.2861, -1.1750, -0.6259,  0.5054],
        [-3.4182,  0.5217, -1.1534, -0.8783,  0.1845],
        [-3.5333,  0.4398, -1.1020, -0.9690,  0.3187],
        [-3.8721,  0.5502, -1.2021, -0.9245,  0.2675]])
Iteration 2
After Lasso procedure | Total Loss 0.002929
estimated y tensor([[-2.8859,  0.4023, -1.1666, -0.8944,  0.3443],
        [-3.0806,  0.4467, -1.0732, -0.8505,  0.3858],
        [-3.2765,  0.5124, -1.1891, -0.8603,  0.4415],
        [-3.4669,  0.5677, -1.1272, -0.8413,  0.4855],
        [-3.6399,  0.6095, -1.2023, -0.9126,  0.5223]])
actual y tensor([[-2.8451,  0.0934, -1.2573, -0.7231,  0.2683],
        [-3.1876,  0.2861, -1.1750, -0.6259,  0.5054],
        [-3.4182,  0.5217, -1.1534, -0.8783,  0.1845],
        [-3.5333,  0.4398, -1.1020, -0.9690,  0.3187],
        [-3.8721,  0.5502, -1.2021, -0.9245,  0.2675]])
estimated y tensor([[-2.8859,  0.4023, -1.1666, -0.8944,  0.3443],
        [-3.0806,  0.4467, -1.0732, -0.8505,  0.3858],
        [-3.2765,  0.5124, -1.1891, -0.8603,  0.4415],
        [-3.4669,  0.5677, -1.1272, -0.8413,  0.4855],
        [-3.6399,  0.6095, -1.2023, -0.9126,  0.5223]])
actual y tensor([[-2.8451,  0.0934, -1.2573, -0.7231,  0.2683],
        [-3.1876,  0.2861, -1.1750, -0.6259,  0.5054],
        [-3.4182,  0.5217, -1.1534, -0.8783,  0.1845],
        [-3.5333,  0.4398, -1.1020, -0.9690,  0.3187],
        [-3.8721,  0.5502, -1.2021, -0.9245,  0.2675]])
Best model: 0
Treatment effect MAE: (0.11732626442610472, 0.006993585625699404)
Control Y MAE: 0.10293088853359222
Gini 0.596 (0.018)
Ent 1.677 (0.063)
N Matched 3.115 (0.107)
MIS 0.165 (0.026)
Wrong proba 0.185 (0.019)
Average Training Time: 5.093910773595174
Std Training Time: 0.42161536129922605
